0.0  4047.0 2000.0
1.0  4047.0  987.0
0.0  4044.0 2000.0
0.0  4044.0 2000.0
0.0  4044.0 2000.0
0.0  4045.0 2000.0
0.0  4045.0 2000.0
0.0  4045.0 2000.0
0.0  4043.0 2000.0
0.0  4042.0 2000.0
0.0  4047.0 2000.0
0.0  4044.0 2000.0
0.0  4043.0 2000.0
0.0  4048.0 2000.0
0.0  4045.0 2000.0
0.0  4048.0 2000.0
0.0  4042.0 2000.0
0.0  4044.0 2000.0
0.0  4047.0 2000.0
0.0  4044.0 2000.0
0.0  4047.0 2000.0
0.0  4045.0 2000.0
0.0  4047.0 2000.0
0.0  4048.0 2000.0
0.0  4047.0 2000.0
0.0  4048.0 2000.0
0.0  4048.0 2000.0
0.0  4046.0 2000.0
0.0  4045.0 2000.0
0.0  4045.0 2000.0
0.0  4045.0 2000.0
0.0  4045.0 2000.0
0.0  4044.0 2000.0
0.0  4047.0 2000.0
0.0  4046.0 2000.0
0.0  4042.0 2000.0
0.0  4047.0 2000.0
0.0  4043.0 2000.0
0.0  4048.0 2000.0
0.0  4043.0 2000.0
0.0  4046.0 2000.0
0.0  4046.0 2000.0
0.0  4043.0 2000.0
0.0  4046.0 2000.0
0.0  4045.0 2000.0
0.0  4045.0 2000.0
0.0  4044.0 2000.0
0.0  4044.0 2000.0
0.0  4046.0 2000.0
0.0  4049.0 2000.0
0.0  4043.0 2000.0
0.0  4045.0 2000.0
0.0  4045.0 2000.0
0.0  4047.0 2000.0
0.0  4042.0 2000.0
0.0  4050.0 2000.0
0.0  4045.0 2000.0
0.0  4042.0 2000.0
0.0  4048.0 2000.0
0.0  4046.0 2000.0
0.0  4043.0 2000.0
0.0  4046.0 2000.0
0.0  4042.0 2000.0
0.0  4046.0 2000.0
0.0  4043.0 2000.0
0.0  4045.0 2000.0
0.0  4043.0 2000.0
0.0  4046.0 2000.0
0.0  4043.0 2000.0
1.0  4045.0  983.0
0.0  4045.0 2000.0
0.0  4046.0 2000.0
0.0  4047.0 2000.0
0.0  4048.0 2000.0
0.0  4042.0 2000.0
0.0  4044.0 2000.0
0.0  4047.0 2000.0
0.0  4048.0 2000.0
0.0  4044.0 2000.0
0.0  4046.0 2000.0
0.0  4046.0 2000.0
0.0  4047.0 2000.0
0.0  4044.0 2000.0
0.0  4049.0 2000.0
0.0  4046.0 2000.0
1.0  4042.0  985.0
1.0  4044.0  989.0
0.0  4045.0 2000.0
0.0  4047.0 2000.0
0.0  4049.0 2000.0
0.0  4042.0 2000.0
0.0  4041.0 2000.0
0.0  4045.0 2000.0
0.0  4047.0 2000.0
0.0  4046.0 2000.0
0.0  4044.0 2000.0
1.0  4043.0  983.0
0.0  4047.0 2000.0
0.0  4045.0 2000.0
0.0  4049.0 2000.0
0.0  4044.0 2000.0
0.0  4046.0 2000.0
0.0  4047.0 2000.0
0.0  4045.0 2000.0
0.0  4045.0 2000.0
0.0  4044.0 2000.0
0.0  4045.0 2000.0
0.0  4042.0 2000.0
0.0  4048.0 2000.0
0.0  4046.0 2000.0
1.0  4044.0  989.0
0.0  4045.0 2000.0
0.0  4046.0 2000.0
0.0  4045.0 2000.0
0.0  4045.0 2000.0
0.0  4047.0 2000.0
0.0  4042.0 2000.0
0.0  4047.0 2000.0
0.0  4048.0 2000.0
0.0  4048.0 2000.0
0.0  4042.0 2000.0
0.0  4046.0 2000.0
0.0  4042.0 2000.0
0.0  4045.0 2000.0
0.0  4044.0 2000.0
0.0  4048.0 2000.0
1.0  4043.0  985.0
0.0  4042.0 2000.0
0.0  4043.0 2000.0
0.0  4047.0 2000.0
0.0  4048.0 2000.0
0.0  4045.0 2000.0
0.0  4044.0 2000.0
0.0  4045.0 2000.0
0.0  4047.0 2000.0
0.0  4047.0 2000.0
0.0  4045.0 2000.0
0.0  4049.0 2000.0
0.0  4046.0 2000.0
0.0  4046.0 2000.0
0.0  4045.0 2000.0
0.0  4047.0 2000.0
0.0  4046.0 2000.0
0.0  4046.0 2000.0
0.0  4045.0 2000.0
0.0  4045.0 2000.0
0.0  4047.0 2000.0
0.0  4046.0 2000.0
0.0  4048.0 2000.0
0.0  4046.0 2000.0
0.0  4047.0 2000.0
0.0  4043.0 2000.0
0.0  4046.0 2000.0
0.0  4044.0 2000.0
0.0  4043.0 2000.0
0.0  4047.0 2000.0
0.0  4044.0 2000.0
1.0  4043.0  985.0
0.0  4047.0 2000.0
0.0  4047.0 2000.0
0.0  4044.0 2000.0
0.0  4046.0 2000.0
0.0  4047.0 2000.0
0.0  4046.0 2000.0
0.0  4047.0 2000.0
0.0  4048.0 2000.0
0.0  4046.0 2000.0
0.0  4044.0 2000.0
0.0  4043.0 2000.0
0.0  4043.0 2000.0
0.0  4047.0 2000.0
0.0  4049.0 2000.0
0.0  4046.0 2000.0
0.0  4046.0 2000.0
0.0  4048.0 2000.0
0.0  4046.0 2000.0
0.0  4046.0 2000.0
0.0  4045.0 2000.0
0.0  4049.0 2000.0
0.0  4046.0 2000.0
0.0  4044.0 2000.0
0.0  4046.0 2000.0
0.0  4044.0 2000.0
0.0  4045.0 2000.0
0.0  4044.0 2000.0
0.0  4044.0 2000.0
0.0  4047.0 2000.0
0.0  4045.0 2000.0
0.0  4046.0 2000.0
0.0  4041.0 2000.0
0.0  4046.0 2000.0
0.0  4045.0 2000.0
0.0  4044.0 2000.0
0.0  4048.0 2000.0
0.0  4047.0 2000.0
0.0  4049.0 2000.0
0.0  4046.0 2000.0
0.0  4043.0 2000.0
0.0  4045.0 2000.0
0.0  4046.0 2000.0
0.0  4046.0 2000.0
0.0  4049.0 2000.0
0.0  4044.0 2000.0
0.0  4044.0 2000.0
0.0  4047.0 2000.0
0.0  4049.0 2000.0
1.0  4041.0  985.0
0.0  4040.0 2000.0
0.0  4045.0 2000.0
0.0  4049.0 2000.0
0.0  4049.0 2000.0
0.0  4045.0 2000.0
0.0  4045.0 2000.0
0.0  4047.0 2000.0
0.0  4046.0 2000.0
0.0  4048.0 2000.0
0.0  4043.0 2000.0
0.0  4044.0 2000.0
0.0  4046.0 2000.0
0.0  4045.0 2000.0
0.0  4043.0 2000.0
0.0  4046.0 2000.0
0.0  4043.0 2000.0
0.0  4046.0 2000.0
0.0  4043.0 2000.0
0.0  4046.0 2000.0
0.0  4045.0 2000.0
0.0  4047.0 2000.0
0.0  4046.0 2000.0
0.0  4045.0 2000.0
0.0  4041.0 2000.0
0.0  4047.0 2000.0
0.0  4048.0 2000.0
0.0  4045.0 2000.0
0.0  4042.0 2000.0
0.0  4045.0 2000.0
0.0  4048.0 2000.0
0.0  4042.0 2000.0
1.0  4043.0  983.0
0.0  4047.0 2000.0
0.0  4048.0 2000.0
0.0  4046.0 2000.0
0.0  4044.0 2000.0
0.0  4045.0 2000.0
0.0  4044.0 2000.0
0.0  4044.0 2000.0
0.0  4047.0 2000.0
0.0  4043.0 2000.0
0.0  4047.0 2000.0
0.0  4041.0 2000.0
0.0  4045.0 2000.0
0.0  4046.0 2000.0
0.0  4045.0 2000.0
0.0  4046.0 2000.0
0.0  4044.0 2000.0
0.0  4046.0 2000.0
0.0  4046.0 2000.0
0.0  4048.0 2000.0
0.0  4046.0 2000.0
0.0  4045.0 2000.0
1.0  4042.0  987.0
0.0  4042.0 2000.0
0.0  4045.0 2000.0
0.0  4047.0 2000.0
0.0  4044.0 2000.0
0.0  4045.0 2000.0
0.0  4047.0 2000.0
0.0  4048.0 2000.0
0.0  4046.0 2000.0
0.0  4045.0 2000.0
0.0  4045.0 2000.0
0.0  4049.0 2000.0
0.0  4043.0 2000.0
0.0  4045.0 2000.0
0.0  4045.0 2000.0
0.0  4046.0 2000.0
0.0  4048.0 2000.0
0.0  4048.0 2000.0
0.0  4042.0 2000.0
0.0  4048.0 2000.0
0.0  4045.0 2000.0
0.0  4044.0 2000.0
0.0  4047.0 2000.0
0.0  4046.0 2000.0
0.0  4044.0 2000.0
0.0  4045.0 2000.0
0.0  4045.0 2000.0
0.0  4040.0 2000.0
0.0  4044.0 2000.0
0.0  4048.0 2000.0
0.0  4047.0 2000.0
0.0  4046.0 2000.0
0.0  4046.0 2000.0
0.0  4048.0 2000.0
0.0  4047.0 2000.0
0.0  4047.0 2000.0
0.0  4046.0 2000.0
0.0  4046.0 2000.0
0.0  4048.0 2000.0
0.0  4046.0 2000.0
0.0  4047.0 2000.0
0.0  4047.0 2000.0
0.0  4048.0 2000.0
0.0  4047.0 2000.0
0.0  4043.0 2000.0
0.0  4045.0 2000.0
0.0  4045.0 2000.0
0.0  4045.0 2000.0
0.0  4047.0 2000.0
0.0  4045.0 2000.0
0.0  4049.0 2000.0
0.0  4044.0 2000.0
0.0  4041.0 2000.0
0.0  4046.0 2000.0
0.0  4046.0 2000.0
0.0  4044.0 2000.0
0.0  4045.0 2000.0
0.0  4046.0 2000.0
0.0  4045.0 2000.0
0.0  4045.0 2000.0
0.0  4045.0 2000.0
0.0  4044.0 2000.0
0.0  4049.0 2000.0
0.0  4045.0 2000.0
0.0  4046.0 2000.0
0.0  4046.0 2000.0
0.0  4047.0 2000.0
0.0  4046.0 2000.0
0.0  4048.0 2000.0
0.0  4047.0 2000.0
0.0  4044.0 2000.0
0.0  4044.0 2000.0
0.0  4045.0 2000.0
0.0  4048.0 2000.0
0.0  4047.0 2000.0
0.0  4045.0 2000.0
0.0  4049.0 2000.0
0.0  4045.0 2000.0
0.0  4046.0 2000.0
0.0  4045.0 2000.0
1.0  4044.0  989.0
0.0  4045.0 2000.0
0.0  4046.0 2000.0
0.0  4043.0 2000.0
0.0  4044.0 2000.0
0.0  4049.0 2000.0
0.0  4045.0 2000.0
0.0  4046.0 2000.0
0.0  4046.0 2000.0
0.0  4046.0 2000.0
0.0  4045.0 2000.0
0.0  4047.0 2000.0
0.0  4043.0 2000.0
0.0  4046.0 2000.0
0.0  4045.0 2000.0
0.0  4046.0 2000.0
0.0  4049.0 2000.0
0.0  4050.0 2000.0
0.0  4047.0 2000.0
0.0  4044.0 2000.0
0.0  4045.0 2000.0
0.0  4045.0 2000.0
0.0  4044.0 2000.0
0.0  4044.0 2000.0
0.0  4042.0 2000.0
0.0  4045.0 2000.0
0.0  4047.0 2000.0
0.0  4045.0 2000.0
0.0  4045.0 2000.0
0.0  4045.0 2000.0
0.0  4046.0 2000.0
0.0  4047.0 2000.0
0.0  4045.0 2000.0
0.0  4044.0 2000.0
0.0  4047.0 2000.0
0.0  4047.0 2000.0
0.0  4046.0 2000.0
0.0  4042.0 2000.0
0.0  4043.0 2000.0
0.0  4042.0 2000.0
0.0  4045.0 2000.0
0.0  4044.0 2000.0
0.0  4047.0 2000.0
0.0  4044.0 2000.0
0.0  4047.0 2000.0
0.0  4047.0 2000.0
0.0  4044.0 2000.0
0.0  4049.0 2000.0
0.0  4048.0 2000.0
0.0  4048.0 2000.0
0.0  4044.0 2000.0
0.0  4046.0 2000.0
0.0  4046.0 2000.0
0.0  4045.0 2000.0
0.0  4047.0 2000.0
0.0  4046.0 2000.0
0.0  4045.0 2000.0
0.0  4042.0 2000.0
0.0  4046.0 2000.0
0.0  4047.0 2000.0
0.0  4047.0 2000.0
0.0  4045.0 2000.0
0.0  4047.0 2000.0
0.0  4049.0 2000.0
0.0  4047.0 2000.0
0.0  4048.0 2000.0
0.0  4046.0 2000.0
0.0  4046.0 2000.0
0.0  4045.0 2000.0
0.0  4046.0 2000.0
0.0  4048.0 2000.0
0.0  4043.0 2000.0
0.0  4046.0 2000.0
0.0  4045.0 2000.0
0.0  4045.0 2000.0
0.0  4045.0 2000.0
0.0  4045.0 2000.0
0.0  4046.0 2000.0
0.0  4046.0 2000.0
0.0  4049.0 2000.0
0.0  4047.0 2000.0
0.0  4046.0 2000.0
0.0  4045.0 2000.0
0.0  4044.0 2000.0
0.0  4043.0 2000.0
0.0  4045.0 2000.0
0.0  4046.0 2000.0
0.0  4046.0 2000.0
0.0  4047.0 2000.0
0.0  4049.0 2000.0
0.0  4046.0 2000.0
0.0  4048.0 2000.0
0.0  4044.0 2000.0
0.0  4045.0 2000.0
0.0  4045.0 2000.0
0.0  4047.0 2000.0
0.0  4049.0 2000.0
0.0  4048.0 2000.0
0.0  4047.0 2000.0
0.0  4045.0 2000.0
0.0  4050.0 2000.0
0.0  4046.0 2000.0
0.0  4048.0 2000.0
0.0  4047.0 2000.0
0.0  4048.0 2000.0
0.0  4048.0 2000.0
0.0  4044.0 2000.0
0.0  4044.0 2000.0
0.0  4043.0 2000.0
0.0  4047.0 2000.0
0.0  4050.0 2000.0
0.0  4048.0 2000.0
0.0  4043.0 2000.0
0.0  4047.0 2000.0
0.0  4046.0 2000.0
0.0  4044.0 2000.0
1.0  4041.0  985.0
0.0  4044.0 2000.0
0.0  4048.0 2000.0
0.0  4046.0 2000.0
0.0  4044.0 2000.0
0.0  4044.0 2000.0
0.0  4045.0 2000.0
0.0  4043.0 2000.0
0.0  4047.0 2000.0
0.0  4044.0 2000.0
0.0  4043.0 2000.0
0.0  4046.0 2000.0
0.0  4048.0 2000.0
0.0  4045.0 2000.0
0.0  4047.0 2000.0
0.0  4045.0 2000.0
0.0  4043.0 2000.0
0.0  4045.0 2000.0
0.0  4045.0 2000.0
0.0  4045.0 2000.0
0.0  4047.0 2000.0
0.0  4046.0 2000.0
0.0  4043.0 2000.0
0.0  4045.0 2000.0
0.0  4047.0 2000.0
0.0  4046.0 2000.0
0.0  4044.0 2000.0
0.0  4047.0 2000.0
0.0  4044.0 2000.0
0.0  4046.0 2000.0
0.0  4045.0 2000.0
0.0  4044.0 2000.0
0.0  4045.0 2000.0
0.0  4045.0 2000.0
0.0  4049.0 2000.0
0.0  4048.0 2000.0
1.0  4042.0  985.0
0.0  4045.0 2000.0
0.0  4044.0 2000.0
0.0  4047.0 2000.0
0.0  4043.0 2000.0
0.0  4043.0 2000.0
0.0  4045.0 2000.0
0.0  4044.0 2000.0
0.0  4045.0 2000.0
0.0  4046.0 2000.0
0.0  4046.0 2000.0
0.0  4045.0 2000.0
0.0  4048.0 2000.0
0.0  4042.0 2000.0
0.0  4049.0 2000.0
0.0  4044.0 2000.0
0.0  4043.0 2000.0
0.0  4047.0 2000.0
0.0  4046.0 2000.0
0.0  4045.0 2000.0
0.0  4046.0 2000.0
1.0  4044.0  989.0
0.0  4048.0 2000.0
0.0  4044.0 2000.0
0.0  4046.0 2000.0
0.0  4045.0 2000.0
0.0  4044.0 2000.0
0.0  4046.0 2000.0
0.0  4048.0 2000.0
0.0  4044.0 2000.0
0.0  4047.0 2000.0
0.0  4045.0 2000.0
0.0  4046.0 2000.0
0.0  4046.0 2000.0
0.0  4046.0 2000.0
0.0  4043.0 2000.0
0.0  4047.0 2000.0
0.0  4045.0 2000.0
0.0  4045.0 2000.0
0.0  4048.0 2000.0
0.0  4042.0 2000.0
0.0  4044.0 2000.0
0.0  4047.0 2000.0
0.0  4046.0 2000.0
0.0  4047.0 2000.0
0.0  4046.0 2000.0
0.0  4046.0 2000.0
0.0  4044.0 2000.0
0.0  4046.0 2000.0
1.0  4045.0 1015.0
0.0  4043.0 2000.0
0.0  4045.0 2000.0
1.0  4042.0  985.0
0.0  4044.0 2000.0
0.0  4048.0 2000.0
0.0  4045.0 2000.0
0.0  4044.0 2000.0
0.0  4044.0 2000.0
0.0  4044.0 2000.0
0.0  4045.0 2000.0
0.0  4046.0 2000.0
0.0  4046.0 2000.0
0.0  4046.0 2000.0
0.0  4047.0 2000.0
1.0  4043.0  983.0
0.0  4047.0 2000.0
0.0  4048.0 2000.0
0.0  4046.0 2000.0
0.0  4047.0 2000.0
0.0  4045.0 2000.0
0.0  4046.0 2000.0
0.0  4044.0 2000.0
0.0  4045.0 2000.0
0.0  4043.0 2000.0
0.0  4048.0 2000.0
0.0  4047.0 2000.0
0.0  4042.0 2000.0
0.0  4046.0 2000.0
0.0  4045.0 2000.0
0.0  4047.0 2000.0
0.0  4046.0 2000.0
0.0  4048.0 2000.0
0.0  4047.0 2000.0
0.0  4046.0 2000.0
0.0  4048.0 2000.0
0.0  4046.0 2000.0
0.0  4045.0 2000.0
0.0  4047.0 2000.0
0.0  4047.0 2000.0
0.0  4048.0 2000.0
0.0  4048.0 2000.0
0.0  4047.0 2000.0
0.0  4045.0 2000.0
0.0  4047.0 2000.0
0.0  4043.0 2000.0
0.0  4046.0 2000.0
0.0  4044.0 2000.0
0.0  4048.0 2000.0
1.0  4044.0  989.0
0.0  4049.0 2000.0
0.0  4044.0 2000.0
0.0  4044.0 2000.0
0.0  4047.0 2000.0
0.0  4046.0 2000.0
0.0  4047.0 2000.0
0.0  4043.0 2000.0
0.0  4047.0 2000.0
0.0  4051.0 2000.0
0.0  4043.0 2000.0
0.0  4048.0 2000.0
0.0  4048.0 2000.0
0.0  4042.0 2000.0
0.0  4047.0 2000.0
0.0  4044.0 2000.0
0.0  4050.0 2000.0
0.0  4043.0 2000.0
0.0  4044.0 2000.0
0.0  4046.0 2000.0
0.0  4043.0 2000.0
0.0  4045.0 2000.0
0.0  4048.0 2000.0
0.0  4051.0 2000.0
0.0  4046.0 2000.0
0.0  4045.0 2000.0
0.0  4044.0 2000.0
0.0  4044.0 2000.0
0.0  4046.0 2000.0
0.0  4046.0 2000.0
0.0  4041.0 2000.0
0.0  4042.0 2000.0
0.0  4049.0 2000.0
0.0  4044.0 2000.0
0.0  4045.0 2000.0
0.0  4047.0 2000.0
0.0  4045.0 2000.0
0.0  4047.0 2000.0
1.0  4042.0  987.0
0.0  4049.0 2000.0
0.0  4046.0 2000.0
0.0  4047.0 2000.0
0.0  4046.0 2000.0
0.0  4046.0 2000.0
0.0  4042.0 2000.0
0.0  4045.0 2000.0
0.0  4046.0 2000.0
0.0  4043.0 2000.0
0.0  4043.0 2000.0
0.0  4047.0 2000.0
0.0  4046.0 2000.0
0.0  4043.0 2000.0
0.0  4049.0 2000.0
0.0  4045.0 2000.0
0.0  4045.0 2000.0
0.0  4047.0 2000.0
0.0  4042.0 2000.0
0.0  4041.0 2000.0
0.0  4049.0 2000.0
0.0  4042.0 2000.0
0.0  4044.0 2000.0
0.0  4047.0 2000.0
0.0  4048.0 2000.0
0.0  4047.0 2000.0
0.0  4047.0 2000.0
0.0  4045.0 2000.0
0.0  4045.0 2000.0
0.0  4048.0 2000.0
0.0  4047.0 2000.0
1.0  4043.0  989.0
1.0  4043.0  987.0
0.0  4047.0 2000.0
0.0  4044.0 2000.0
0.0  4045.0 2000.0
0.0  4049.0 2000.0
0.0  4048.0 2000.0
0.0  4048.0 2000.0
0.0  4043.0 2000.0
0.0  4047.0 2000.0
0.0  4046.0 2000.0
0.0  4042.0 2000.0
0.0  4044.0 2000.0
0.0  4046.0 2000.0
0.0  4048.0 2000.0
0.0  4045.0 2000.0
0.0  4050.0 2000.0
0.0  4045.0 2000.0
0.0  4043.0 2000.0
0.0  4043.0 2000.0
0.0  4044.0 2000.0
0.0  4047.0 2000.0
0.0  4046.0 2000.0
0.0  4044.0 2000.0
0.0  4046.0 2000.0
0.0  4048.0 2000.0
0.0  4045.0 2000.0
0.0  4042.0 2000.0
0.0  4045.0 2000.0
0.0  4047.0 2000.0
0.0  4048.0 2000.0
0.0  4043.0 2000.0
0.0  4050.0 2000.0
0.0  4043.0 2000.0
0.0  4047.0 2000.0
0.0  4050.0 2000.0
0.0  4044.0 2000.0
0.0  4044.0 2000.0
0.0  4043.0 2000.0
0.0  4045.0 2000.0
0.0  4044.0 2000.0
0.0  4044.0 2000.0
1.0  4043.0  989.0
0.0  4046.0 2000.0
0.0  4047.0 2000.0
0.0  4046.0 2000.0
0.0  4046.0 2000.0
0.0  4044.0 2000.0
0.0  4048.0 2000.0
0.0  4045.0 2000.0
0.0  4045.0 2000.0
0.0  4042.0 2000.0
0.0  4044.0 2000.0
0.0  4045.0 2000.0
0.0  4045.0 2000.0
0.0  4045.0 2000.0
0.0  4042.0 2000.0
0.0  4046.0 2000.0
0.0  4044.0 2000.0
0.0  4047.0 2000.0
0.0  4045.0 2000.0
0.0  4046.0 2000.0
0.0  4046.0 2000.0
0.0  4046.0 2000.0
0.0  4044.0 2000.0
0.0  4044.0 2000.0
0.0  4047.0 2000.0
0.0  4045.0 2000.0
0.0  4048.0 2000.0
0.0  4042.0 2000.0
0.0  4044.0 2000.0
1.0  4042.0  985.0
0.0  4046.0 2000.0
0.0  4047.0 2000.0
0.0  4046.0 2000.0
0.0  4045.0 2000.0
0.0  4043.0 2000.0
0.0  4045.0 2000.0
0.0  4049.0 2000.0
0.0  4046.0 2000.0
0.0  4046.0 2000.0
0.0  4044.0 2000.0
0.0  4044.0 2000.0
0.0  4044.0 2000.0
0.0  4046.0 2000.0
0.0  4045.0 2000.0
0.0  4046.0 2000.0
0.0  4045.0 2000.0
0.0  4044.0 2000.0
0.0  4046.0 2000.0
0.0  4048.0 2000.0
0.0  4043.0 2000.0
0.0  4042.0 2000.0
0.0  4047.0 2000.0
0.0  4042.0 2000.0
0.0  4044.0 2000.0
0.0  4050.0 2000.0
0.0  4048.0 2000.0
0.0  4043.0 2000.0
0.0  4043.0 2000.0
0.0  4045.0 2000.0
0.0  4047.0 2000.0
0.0  4046.0 2000.0
0.0  4047.0 2000.0
0.0  4044.0 2000.0
0.0  4043.0 2000.0
0.0  4043.0 2000.0
0.0  4046.0 2000.0
0.0  4044.0 2000.0
0.0  4046.0 2000.0
0.0  4044.0 2000.0
0.0  4041.0 2000.0
0.0  4050.0 2000.0
0.0  4046.0 2000.0
0.0  4045.0 2000.0
1.0  4042.0  987.0
0.0  4046.0 2000.0
0.0  4042.0 2000.0
0.0  4044.0 2000.0
0.0  4045.0 2000.0
0.0  4044.0 2000.0
0.0  4044.0 2000.0
0.0  4044.0 2000.0
0.0  4040.0 2000.0
0.0  4046.0 2000.0
0.0  4046.0 2000.0
0.0  4044.0 2000.0
0.0  4049.0 2000.0
0.0  4048.0 2000.0
0.0  4043.0 2000.0
0.0  4045.0 2000.0
0.0  4043.0 2000.0
0.0  4046.0 2000.0
0.0  4047.0 2000.0
0.0  4043.0 2000.0
0.0  4046.0 2000.0
0.0  4043.0 2000.0
0.0  4049.0 2000.0
0.0  4047.0 2000.0
0.0  4044.0 2000.0
0.0  4050.0 2000.0
0.0  4045.0 2000.0
0.0  4043.0 2000.0
0.0  4044.0 2000.0
0.0  4042.0 2000.0
0.0  4044.0 2000.0
0.0  4046.0 2000.0
0.0  4045.0 2000.0
0.0  4048.0 2000.0
0.0  4044.0 2000.0
0.0  4047.0 2000.0
0.0  4044.0 2000.0
0.0  4047.0 2000.0
0.0  4047.0 2000.0
0.0  4044.0 2000.0
0.0  4047.0 2000.0
0.0  4046.0 2000.0
0.0  4044.0 2000.0
0.0  4043.0 2000.0
0.0  4045.0 2000.0
0.0  4047.0 2000.0
0.0  4043.0 2000.0
0.0  4046.0 2000.0
0.0  4048.0 2000.0
0.0  4049.0 2000.0
0.0  4048.0 2000.0
0.0  4046.0 2000.0
0.0  4046.0 2000.0
0.0  4046.0 2000.0
0.0  4046.0 2000.0
0.0  4045.0 2000.0
1.0  4042.0  983.0
0.0  4047.0 2000.0
0.0  4045.0 2000.0
0.0  4046.0 2000.0
0.0  4050.0 2000.0
0.0  4049.0 2000.0
0.0  4047.0 2000.0
0.0  4047.0 2000.0
0.0  4046.0 2000.0
0.0  4048.0 2000.0
0.0  4045.0 2000.0
0.0  4043.0 2000.0
0.0  4047.0 2000.0
0.0  4044.0 2000.0
0.0  4045.0 2000.0
0.0  4045.0 2000.0
0.0  4048.0 2000.0
0.0  4045.0 2000.0
0.0  4045.0 2000.0
0.0  4048.0 2000.0
0.0  4047.0 2000.0
0.0  4046.0 2000.0
0.0  4043.0 2000.0
0.0  4045.0 2000.0
0.0  4047.0 2000.0
0.0  4045.0 2000.0
0.0  4042.0 2000.0
1.0  4042.0  987.0
0.0  4045.0 2000.0
0.0  4043.0 2000.0
0.0  4045.0 2000.0
0.0  4043.0 2000.0
0.0  4049.0 2000.0
0.0  4049.0 2000.0
0.0  4042.0 2000.0
0.0  4046.0 2000.0
0.0  4045.0 2000.0
0.0  4046.0 2000.0
0.0  4047.0 2000.0
0.0  4048.0 2000.0
0.0  4048.0 2000.0
0.0  4047.0 2000.0
0.0  4047.0 2000.0
0.0  4044.0 2000.0
0.0  4047.0 2000.0
0.0  4047.0 2000.0
0.0  4044.0 2000.0
0.0  4044.0 2000.0
0.0  4048.0 2000.0
0.0  4043.0 2000.0
0.0  4050.0 2000.0
0.0  4048.0 2000.0
0.0  4044.0 2000.0
0.0  4045.0 2000.0
0.0  4043.0 2000.0
0.0  4043.0 2000.0
0.0  4049.0 2000.0
0.0  4047.0 2000.0
0.0  4048.0 2000.0
0.0  4047.0 2000.0
0.0  4046.0 2000.0
0.0  4048.0 2000.0
0.0  4042.0 2000.0
0.0  4044.0 2000.0
0.0  4047.0 2000.0
0.0  4046.0 2000.0
0.0  4047.0 2000.0
0.0  4047.0 2000.0
0.0  4048.0 2000.0
0.0  4047.0 2000.0
0.0  4046.0 2000.0
0.0  4045.0 2000.0
0.0  4044.0 2000.0
0.0  4043.0 2000.0
0.0  4045.0 2000.0
1.0  4044.0  987.0
0.0  4043.0 2000.0
0.0  4044.0 2000.0
0.0  4047.0 2000.0
0.0  4044.0 2000.0
0.0  4049.0 2000.0
0.0  4044.0 2000.0
0.0  4046.0 2000.0
1.0  4042.0  987.0
0.0  4045.0 2000.0
0.0  4043.0 2000.0
0.0  4043.0 2000.0
0.0  4046.0 2000.0
0.0  4045.0 2000.0
1.0  4042.0  987.0
0.0  4045.0 2000.0
0.0  4044.0 2000.0
0.0  4045.0 2000.0
0.0  4047.0 2000.0
0.0  4043.0 2000.0
0.0  4045.0 2000.0
0.0  4046.0 2000.0
0.0  4048.0 2000.0
0.0  4048.0 2000.0
0.0  4045.0 2000.0
0.0  4044.0 2000.0
0.0  4044.0 2000.0
0.0  4046.0 2000.0
0.0  4044.0 2000.0
0.0  4047.0 2000.0
0.0  4045.0 2000.0
0.0  4044.0 2000.0
0.0  4042.0 2000.0
0.0  4046.0 2000.0
0.0  4048.0 2000.0
0.0  4048.0 2000.0
0.0  4047.0 2000.0
0.0  4046.0 2000.0
0.0  4044.0 2000.0
0.0  4045.0 2000.0
0.0  4049.0 2000.0
0.0  4050.0 2000.0
0.0  4043.0 2000.0
0.0  4050.0 2000.0
0.0  4046.0 2000.0
0.0  4043.0 2000.0
0.0  4041.0 2000.0
0.0  4041.0 2000.0
0.0  4046.0 2000.0
0.0  4050.0 2000.0
0.0  4047.0 2000.0
0.0  4048.0 2000.0
0.0  4047.0 2000.0
0.0  4044.0 2000.0
0.0  4044.0 2000.0
0.0  4044.0 2000.0
0.0  4046.0 2000.0
0.0  4046.0 2000.0
0.0  4048.0 2000.0
0.0  4044.0 2000.0
0.0  4045.0 2000.0
0.0  4044.0 2000.0
1.0  4041.0  987.0
0.0  4048.0 2000.0
0.0  4044.0 2000.0
0.0  4045.0 2000.0
0.0  4045.0 2000.0
0.0  4045.0 2000.0
0.0  4049.0 2000.0
0.0  4046.0 2000.0
0.0  4047.0 2000.0
0.0  4044.0 2000.0
0.0  4047.0 2000.0
0.0  4046.0 2000.0
0.0  4044.0 2000.0
0.0  4043.0 2000.0
0.0  4047.0 2000.0
0.0  4046.0 2000.0
0.0  4049.0 2000.0
1.0  4042.0  985.0
0.0  4045.0 2000.0
0.0  4048.0 2000.0
0.0  4043.0 2000.0
0.0  4045.0 2000.0
0.0  4046.0 2000.0
0.0  4045.0 2000.0
0.0  4041.0 2000.0
0.0  4046.0 2000.0
0.0  4049.0 2000.0
0.0  4047.0 2000.0
0.0  4045.0 2000.0
0.0  4049.0 2000.0
0.0  4047.0 2000.0
0.0  4046.0 2000.0
0.0  4047.0 2000.0
