1.0  4053.0 1559.0
1.0  4053.0 1059.0
1.0  4053.0 1421.0
1.0  4053.0 1916.0
1.0  4053.0 1405.0
1.0  4053.0 1264.0
1.0  4053.0 1691.0
0.0  4047.0 2000.0
1.0  4053.0 1754.0
1.0  4053.0 1666.0
1.0  4053.0 1609.0
1.0  4053.0 1584.0
1.0  4053.0 1909.0
0.0  1014.0  358.0
1.0  4053.0 1466.0
1.0  4053.0 1821.0
1.0  4053.0 1301.0
1.0  4053.0 1394.0
1.0  4053.0 1766.0
1.0  4053.0 1037.0
0.0  4049.0 2000.0
1.0  4053.0 1431.0
1.0  4053.0 1027.0
1.0  4053.0 1644.0
1.0  4053.0 1594.0
1.0  4053.0 1195.0
1.0  4053.0 1388.0
0.0  4049.0 2000.0
0.0  4050.0 2000.0
0.0  2022.0  577.0
0.0  4049.0 2000.0
1.0  4053.0 1859.0
1.0  4053.0 1968.0
1.0  4053.0 1482.0
1.0  4053.0 1289.0
1.0  4053.0 1467.0
0.0  4049.0 2000.0
1.0  4053.0 1740.0
1.0  4053.0 1260.0
1.0  4053.0  978.0
1.0  4053.0 1685.0
1.0  4053.0 1799.0
1.0  4053.0 1753.0
1.0  4053.0 1407.0
1.0  4053.0 1563.0
1.0  4053.0 1537.0
1.0  4053.0 1592.0
1.0  4053.0 1348.0
1.0  4053.0 1959.0
1.0  4053.0 1318.0
1.0  4053.0 1177.0
1.0  4053.0 1693.0
1.0  4053.0 1734.0
1.0  4053.0 1459.0
1.0  4053.0 1603.0
1.0  4053.0 1655.0
1.0  4053.0 1983.0
1.0  4053.0 1814.0
0.0  4048.0 2000.0
0.0  4050.0 2000.0
1.0  4053.0 1370.0
1.0  4053.0 1308.0
0.0  4050.0 2000.0
0.0  4047.0 2000.0
1.0  4053.0  994.0
1.0  4053.0 1312.0
0.0  4049.0 2000.0
0.0  4049.0 2000.0
1.0  4053.0 1379.0
1.0  4053.0 1320.0
1.0  4053.0 1367.0
0.0  4050.0 2000.0
1.0  4053.0 1611.0
1.0  4053.0 1253.0
1.0  4053.0  975.0
1.0  4053.0 1629.0
0.0  4049.0 2000.0
0.0  4049.0 2000.0
1.0  4053.0 1446.0
1.0  4053.0 1963.0
1.0  4053.0 1210.0
0.0  4049.0 2000.0
1.0  4053.0 1629.0
1.0  4053.0 1789.0
0.0  4049.0 2000.0
1.0  4053.0 1608.0
1.0  4053.0 1665.0
1.0  4053.0 1511.0
0.0  4048.0 2000.0
1.0  4053.0 1916.0
0.0  4049.0 2000.0
1.0  4053.0 1025.0
1.0  4053.0 1365.0
1.0  4053.0 1243.0
1.0  4053.0 1444.0
1.0  4053.0 1800.0
1.0  4053.0 1941.0
1.0  4053.0 1613.0
1.0  4053.0 1357.0
1.0  4053.0 1742.0
1.0  4053.0 1028.0
0.0  4052.0 2000.0
1.0  4053.0 1636.0
1.0  4053.0 1438.0
0.0  4048.0 2000.0
1.0  4053.0 1520.0
1.0  4053.0 1031.0
1.0  4053.0 1867.0
0.0  4047.0 2000.0
1.0  4053.0 1433.0
1.0  4053.0 1330.0
1.0  4053.0 1744.0
1.0  4053.0 1618.0
0.0  4049.0 2000.0
1.0  4053.0 1621.0
1.0  4053.0 1860.0
0.0  4047.0 2000.0
0.0  4049.0 2000.0
1.0  4053.0 1588.0
1.0  4053.0 1618.0
1.0  4053.0 1427.0
1.0  4053.0 1881.0
1.0  4053.0 1360.0
0.0  4049.0 2000.0
0.0  4052.0 2000.0
0.0  4049.0 2000.0
1.0  4053.0 1314.0
0.0  4049.0 2000.0
0.0  4048.0 2000.0
1.0  4053.0 1698.0
1.0  4053.0 1759.0
1.0  4053.0 1591.0
1.0  4053.0 1464.0
0.0  4048.0 2000.0
1.0  4053.0 1509.0
0.0  4049.0 2000.0
1.0  4053.0 1625.0
1.0  4053.0 1184.0
1.0  4053.0 1735.0
0.0  4047.0 2000.0
1.0  4053.0 1537.0
1.0  4053.0 1540.0
1.0  4053.0 1733.0
1.0  4053.0 1225.0
1.0  4053.0 1315.0
1.0  4053.0 1644.0
1.0  4053.0 1359.0
1.0  4053.0 1864.0
1.0  4053.0 1344.0
1.0  4053.0 1743.0
1.0  4053.0 1745.0
1.0  4053.0 1809.0
1.0  4053.0 1470.0
1.0  4053.0 1335.0
1.0  4053.0 1538.0
1.0  4053.0 1432.0
0.0  4049.0 2000.0
1.0  4053.0 1907.0
1.0  4053.0 1570.0
0.0  4047.0 2000.0
1.0  4053.0  993.0
1.0  4053.0 1638.0
1.0  4053.0 1214.0
1.0  4053.0 1565.0
0.0  4048.0 2000.0
1.0  4053.0 1751.0
1.0  4053.0 1744.0
0.0  4049.0 2000.0
0.0  4049.0 2000.0
0.0  4048.0 2000.0
1.0  4053.0 1304.0
1.0  4053.0 1642.0
1.0  4053.0 1483.0
1.0  4053.0 1766.0
1.0  4053.0 1813.0
1.0  4053.0 1607.0
0.0  4048.0 2000.0
1.0  4053.0 1466.0
1.0  4053.0 1330.0
1.0  4053.0 1745.0
1.0  4053.0 1325.0
0.0  1017.0  414.0
1.0  4053.0 1105.0
1.0  4053.0 1397.0
1.0  4053.0 1676.0
1.0  4053.0 1408.0
1.0  4053.0 1488.0
1.0  4053.0 1758.0
1.0  4053.0 1705.0
1.0  4053.0 1616.0
1.0  4053.0 1232.0
1.0  4053.0 1521.0
1.0  4053.0 1230.0
1.0  4053.0 1914.0
1.0  4053.0 1284.0
1.0  4053.0 1357.0
1.0  4053.0 1817.0
1.0  4053.0 1341.0
1.0  4053.0 1936.0
1.0  4053.0 1227.0
1.0  4053.0 1837.0
1.0  4053.0 1581.0
1.0  4053.0 1345.0
1.0  4053.0 1233.0
1.0  4053.0 1407.0
1.0  4053.0 1403.0
1.0  4053.0 1625.0
1.0  4053.0 1319.0
1.0  4053.0 1585.0
1.0  4053.0 1107.0
1.0  4053.0 1597.0
0.0  4049.0 2000.0
1.0  4053.0 1732.0
1.0  4053.0 1090.0
1.0  4053.0 1915.0
1.0  4053.0 1420.0
1.0  4053.0 1512.0
1.0  4053.0 1429.0
0.0  4049.0 2000.0
1.0  4053.0 1319.0
1.0  4053.0 1234.0
1.0  4053.0 1362.0
1.0  4053.0 1603.0
1.0  4053.0 1000.0
1.0  4053.0 1656.0
1.0  4053.0 1275.0
0.0  4049.0 2000.0
1.0  4053.0 1640.0
1.0  4053.0 1052.0
1.0  4053.0 1871.0
0.0  4049.0 2000.0
1.0  4053.0 1703.0
1.0  4053.0 1689.0
1.0  4053.0 1360.0
1.0  4053.0 1010.0
1.0  4053.0 1070.0
1.0  4053.0 1259.0
0.0  4050.0 2000.0
1.0  4053.0 1189.0
0.0  4049.0 2000.0
1.0  4053.0 1495.0
1.0  4053.0 1361.0
0.0  4049.0 2000.0
1.0  4053.0 1469.0
1.0  4053.0 1447.0
1.0  4053.0  975.0
1.0  4053.0 1605.0
0.0  4049.0 2000.0
1.0  4053.0 1162.0
1.0  4053.0 1998.0
1.0  4053.0 1476.0
1.0  4053.0  975.0
0.0  4049.0 2000.0
1.0  4053.0 1813.0
1.0  4053.0 1512.0
1.0  4053.0 1385.0
1.0  4053.0  975.0
1.0  4053.0  985.0
1.0  4053.0 1355.0
1.0  4053.0 1933.0
1.0  4053.0 1774.0
1.0  4053.0 1541.0
1.0  4053.0 1090.0
0.0  4049.0 2000.0
0.0  4048.0 2000.0
1.0  4053.0 1264.0
1.0  4053.0 1049.0
1.0  4053.0 1784.0
1.0  4053.0 1072.0
0.0  4047.0 2000.0
1.0  4053.0 1170.0
1.0  4053.0 1635.0
0.0  4048.0 2000.0
1.0  4053.0 1315.0
1.0  4053.0 1189.0
1.0  4053.0  975.0
1.0  4053.0 1629.0
0.0  4049.0 2000.0
1.0  4053.0 1339.0
0.0  4050.0 2000.0
1.0  4053.0 1798.0
1.0  4053.0 1529.0
1.0  4053.0 1009.0
1.0  4053.0 1382.0
1.0  4053.0 1867.0
0.0  4049.0 2000.0
1.0  4053.0 1916.0
0.0  4049.0 2000.0
0.0  4052.0 2000.0
1.0  4053.0 1860.0
0.0  4049.0 2000.0
0.0  2032.0  681.0
1.0  4053.0 1337.0
1.0  4053.0 1460.0
1.0  4053.0 1188.0
1.0  4053.0 1267.0
1.0  4053.0 1903.0
0.0  4051.0 2000.0
1.0  4053.0 1029.0
1.0  4053.0 1181.0
1.0  4053.0 1132.0
1.0  4053.0 1843.0
1.0  4053.0 1629.0
1.0  4053.0 1612.0
0.0  4049.0 2000.0
1.0  4053.0 1326.0
1.0  4053.0 1883.0
1.0  4053.0 1322.0
0.0  4047.0 2000.0
1.0  4053.0 1425.0
1.0  4053.0 1593.0
1.0  4053.0 1169.0
1.0  4053.0 1746.0
1.0  4053.0 1373.0
0.0  2027.0  629.0
1.0  4053.0 1249.0
1.0  4053.0 1759.0
1.0  4053.0 1512.0
1.0  4053.0 1600.0
0.0  1015.0  384.0
1.0  4053.0 1064.0
1.0  4053.0 1438.0
0.0  4050.0 2000.0
1.0  4053.0 1429.0
1.0  4053.0 1096.0
1.0  4053.0 1227.0
1.0  4053.0 1394.0
1.0  4053.0 1183.0
1.0  4053.0 1693.0
1.0  4053.0 1780.0
1.0  4053.0 1169.0
0.0  4048.0 2000.0
1.0  4053.0 1316.0
1.0  4053.0 1796.0
1.0  4053.0 1212.0
1.0  4053.0 1523.0
0.0  4049.0 2000.0
1.0  4053.0 1045.0
1.0  4053.0 1450.0
1.0  4053.0  994.0
1.0  4053.0  977.0
1.0  4053.0 1608.0
0.0  4047.0 2000.0
1.0  4053.0  975.0
1.0  4053.0 1476.0
1.0  4053.0 1793.0
1.0  4053.0 1277.0
0.0  4049.0 2000.0
1.0  4053.0 1705.0
1.0  4053.0 1755.0
1.0  4053.0 1443.0
1.0  4053.0 1035.0
1.0  4053.0 1979.0
1.0  4053.0 1688.0
0.0  4050.0 2000.0
1.0  4053.0 1426.0
1.0  4053.0 1873.0
0.0  1018.0  436.0
0.0  4049.0 2000.0
0.0  4049.0 2000.0
0.0  4049.0 2000.0
1.0  4053.0 1186.0
0.0  4048.0 2000.0
1.0  4053.0 1411.0
1.0  4053.0  981.0
1.0  4053.0 1871.0
1.0  4053.0 1593.0
1.0  4053.0 1313.0
1.0  4053.0 1193.0
0.0  4050.0 2000.0
1.0  4053.0 1743.0
1.0  4053.0 1867.0
1.0  4053.0 1187.0
1.0  4053.0 1066.0
0.0  4048.0 2000.0
0.0  4048.0 2000.0
1.0  4053.0 1896.0
1.0  4053.0 1331.0
1.0  4053.0 1230.0
1.0  4053.0 1382.0
1.0  4053.0 1234.0
1.0  4053.0 1646.0
1.0  4053.0 1427.0
1.0  4053.0 1640.0
1.0  4053.0 1928.0
1.0  4053.0 1875.0
1.0  4053.0 1331.0
1.0  4053.0 1511.0
0.0  4050.0 2000.0
0.0  4048.0 2000.0
1.0  4053.0 1150.0
1.0  4053.0 1391.0
1.0  4053.0 1861.0
1.0  4053.0 1592.0
1.0  4053.0 1055.0
1.0  4053.0 1259.0
1.0  4053.0  984.0
1.0  4053.0 1370.0
1.0  4053.0 1353.0
1.0  4053.0 1609.0
1.0  4053.0 1202.0
1.0  4053.0 1166.0
0.0  4048.0 2000.0
0.0  4047.0 2000.0
1.0  4053.0 1673.0
0.0  4049.0 2000.0
0.0  4051.0 2000.0
0.0  4048.0 2000.0
0.0  4049.0 2000.0
1.0  4053.0 1681.0
1.0  4053.0 1330.0
1.0  4053.0 1764.0
0.0  4048.0 2000.0
0.0  4049.0 2000.0
1.0  4053.0 1758.0
1.0  4053.0 1213.0
1.0  4053.0 1406.0
1.0  4053.0 1579.0
1.0  4053.0 1537.0
1.0  4053.0 1017.0
1.0  4053.0 1990.0
1.0  4053.0 1262.0
1.0  4053.0 1188.0
1.0  4053.0 1203.0
0.0  4049.0 2000.0
0.0  4051.0 2000.0
1.0  4053.0 1801.0
1.0  4053.0 1607.0
0.0  4047.0 2000.0
1.0  4053.0 1182.0
0.0  4049.0 2000.0
1.0  4053.0 1707.0
0.0  4048.0 2000.0
0.0  4049.0 2000.0
1.0  4053.0 1522.0
1.0  4053.0 1256.0
1.0  4053.0 1733.0
1.0  4053.0 1388.0
1.0  4053.0 1913.0
1.0  4053.0 1302.0
1.0  4053.0 1326.0
0.0  4049.0 2000.0
1.0  4053.0 1441.0
1.0  4053.0 1645.0
1.0  4053.0 1231.0
1.0  4053.0 1888.0
1.0  4053.0 1200.0
1.0  4053.0 1122.0
1.0  4053.0 1191.0
1.0  4053.0 1155.0
1.0  4053.0 1589.0
1.0  4053.0 1211.0
1.0  4053.0 1164.0
1.0  4053.0 1091.0
1.0  4053.0 1303.0
1.0  4053.0 1900.0
1.0  4053.0 1627.0
1.0  4053.0 1634.0
1.0  4053.0 1625.0
0.0  4048.0 2000.0
1.0  4053.0 1033.0
1.0  4053.0 1608.0
1.0  4053.0 1487.0
1.0  4053.0 1342.0
0.0  4049.0 2000.0
1.0  4053.0 1056.0
1.0  4053.0 1778.0
0.0  4049.0 2000.0
1.0  4053.0 1209.0
0.0  4049.0 2000.0
1.0  4053.0 1220.0
0.0  4049.0 2000.0
0.0  4048.0 2000.0
1.0  4053.0  975.0
0.0  4049.0 2000.0
1.0  4053.0 1403.0
1.0  4053.0 1808.0
1.0  4053.0 1590.0
1.0  4053.0 1349.0
1.0  4053.0 1469.0
1.0  4053.0 1871.0
1.0  4053.0 1519.0
1.0  4053.0 1658.0
1.0  4053.0 1639.0
1.0  4053.0 1713.0
1.0  4053.0 1794.0
1.0  4053.0 1861.0
1.0  4053.0 1901.0
1.0  4053.0 1815.0
1.0  4053.0 1727.0
1.0  4053.0 1738.0
0.0  4049.0 2000.0
0.0  4046.0 2000.0
1.0  4053.0 1189.0
0.0  4049.0 2000.0
1.0  4053.0 1718.0
1.0  4053.0 1253.0
1.0  4053.0 1772.0
1.0  4053.0 1736.0
1.0  4053.0 1633.0
1.0  4053.0 1905.0
1.0  4053.0 1583.0
1.0  4053.0 1303.0
0.0  4049.0 2000.0
1.0  4053.0 1341.0
1.0  4053.0 1592.0
0.0  4050.0 2000.0
1.0  4053.0 1759.0
1.0  4053.0 1756.0
1.0  4053.0 1759.0
1.0  4053.0 1150.0
1.0  4053.0 1390.0
1.0  4053.0 1470.0
1.0  4053.0 1178.0
0.0  4049.0 2000.0
1.0  4053.0 1911.0
1.0  4053.0 1405.0
1.0  4053.0 1578.0
0.0  4049.0 2000.0
0.0  4049.0 2000.0
1.0  4053.0 1785.0
1.0  4053.0 1531.0
1.0  4053.0  990.0
0.0  4049.0 2000.0
0.0  4049.0 2000.0
0.0  4047.0 2000.0
1.0  4053.0 1482.0
0.0  4048.0 2000.0
0.0  4049.0 2000.0
0.0  4049.0 2000.0
1.0  4053.0 1388.0
0.0  4049.0 2000.0
1.0  4053.0 1543.0
1.0  4053.0 1382.0
0.0  4049.0 2000.0
1.0  4053.0 1444.0
1.0  4053.0 1271.0
1.0  4053.0 1405.0
1.0  4053.0 1740.0
1.0  4053.0 1308.0
1.0  4053.0 1231.0
1.0  4053.0 1720.0
1.0  4053.0 1586.0
1.0  4053.0 1259.0
1.0  4053.0  977.0
0.0  4050.0 2000.0
1.0  4053.0 1467.0
1.0  4053.0 1739.0
0.0  4048.0 2000.0
1.0  4053.0 1534.0
1.0  4053.0 1215.0
1.0  4053.0 1699.0
0.0  2032.0  681.0
1.0  4053.0 1585.0
1.0  4053.0 1206.0
1.0  4053.0 1746.0
1.0  4053.0 1862.0
1.0  4053.0 1616.0
1.0  4053.0 1737.0
1.0  4053.0 1794.0
0.0  4049.0 2000.0
1.0  4053.0 1744.0
1.0  4053.0 1640.0
1.0  4053.0 1114.0
1.0  4053.0 1330.0
1.0  4053.0 1490.0
1.0  4053.0  989.0
1.0  4053.0 1140.0
1.0  4053.0 1589.0
1.0  4053.0 1479.0
1.0  4053.0 1733.0
1.0  4053.0 1681.0
1.0  4053.0 1722.0
1.0  4053.0  978.0
1.0  4053.0 1581.0
0.0  4050.0 2000.0
0.0  4048.0 2000.0
1.0  4053.0 1060.0
0.0  4051.0 2000.0
0.0  4050.0 2000.0
1.0  4053.0 1228.0
1.0  4053.0 1510.0
1.0  4053.0 1365.0
1.0  4053.0 1527.0
0.0  4049.0 2000.0
1.0  4053.0 1612.0
0.0  4051.0 2000.0
1.0  4053.0 1756.0
1.0  4053.0 1868.0
1.0  4053.0 1967.0
1.0  4053.0 1816.0
1.0  4053.0 1861.0
1.0  4053.0 1475.0
1.0  4053.0 1800.0
1.0  4053.0 1616.0
1.0  4053.0 1757.0
1.0  4053.0 1718.0
1.0  4053.0 1275.0
1.0  4053.0 1480.0
1.0  4053.0 1347.0
1.0  4053.0 1991.0
1.0  4053.0 1429.0
1.0  4053.0 1914.0
1.0  4053.0 1766.0
0.0  4049.0 2000.0
1.0  4053.0 1919.0
1.0  4053.0 1616.0
1.0  4053.0 1637.0
1.0  4053.0 1476.0
0.0  3034.0  727.0
1.0  4053.0 1715.0
1.0  4053.0 1444.0
1.0  4053.0 1226.0
1.0  4053.0 1978.0
1.0  4053.0 1742.0
1.0  4053.0  975.0
1.0  4053.0 1209.0
1.0  4053.0 1255.0
1.0  4053.0 1645.0
1.0  4053.0 1303.0
0.0  4049.0 2000.0
1.0  4053.0 1491.0
1.0  4053.0 1188.0
1.0  4053.0 1135.0
1.0  4053.0 1520.0
0.0  4049.0 2000.0
0.0  4049.0 2000.0
1.0  4053.0 1273.0
0.0  4049.0 2000.0
0.0  4050.0 2000.0
1.0  4053.0 1120.0
1.0  4053.0 1538.0
0.0  4048.0 2000.0
0.0  4049.0 2000.0
1.0  4053.0 1589.0
1.0  4053.0 1173.0
1.0  4053.0 1471.0
1.0  4053.0 1932.0
0.0  4049.0 2000.0
1.0  4053.0 1353.0
1.0  4053.0 1352.0
1.0  4053.0 1885.0
0.0  4048.0 2000.0
1.0  4053.0 1619.0
1.0  4053.0 1282.0
1.0  4053.0 1616.0
0.0  4048.0 2000.0
1.0  4053.0 1661.0
1.0  4053.0 1913.0
1.0  4053.0 1352.0
1.0  4053.0 1458.0
1.0  4053.0 1325.0
1.0  4053.0 1646.0
0.0  4048.0 2000.0
1.0  4053.0 1167.0
1.0  4053.0 1847.0
1.0  4053.0 1668.0
1.0  4053.0 1738.0
1.0  4053.0 1784.0
1.0  4053.0 1380.0
1.0  4053.0 1462.0
1.0  4053.0 1211.0
1.0  4053.0 1299.0
1.0  4053.0 1310.0
1.0  4053.0 1494.0
1.0  4053.0 1112.0
1.0  4053.0 1724.0
1.0  4053.0 1018.0
0.0  4049.0 2000.0
0.0  4049.0 2000.0
0.0  4051.0 2000.0
1.0  4053.0 1477.0
1.0  4053.0 1991.0
0.0  4049.0 2000.0
1.0  4053.0 1823.0
0.0  4049.0 2000.0
0.0  4048.0 2000.0
1.0  4053.0 1120.0
1.0  4053.0 1335.0
1.0  4053.0 1537.0
1.0  4053.0 1244.0
0.0  4049.0 2000.0
1.0  4053.0 1210.0
1.0  4053.0 1932.0
1.0  4053.0 1368.0
1.0  4053.0 1214.0
0.0  4049.0 2000.0
1.0  4053.0 1558.0
0.0  4050.0 2000.0
1.0  4053.0 1998.0
1.0  4053.0 1905.0
0.0  4050.0 2000.0
0.0  4052.0 2000.0
1.0  4053.0 1769.0
0.0  1012.0  322.0
1.0  4053.0 1044.0
1.0  4053.0 1643.0
1.0  4053.0 1688.0
1.0  4053.0 1769.0
0.0  4049.0 2000.0
0.0  4047.0 2000.0
1.0  4053.0 1868.0
1.0  4053.0 1891.0
1.0  4053.0 1602.0
1.0  4053.0 1121.0
1.0  4053.0 1302.0
1.0  4053.0 1987.0
0.0  4048.0 2000.0
1.0  4053.0 1161.0
1.0  4053.0 1293.0
1.0  4053.0 1961.0
1.0  4053.0 1693.0
1.0  4053.0 1454.0
1.0  4053.0 1295.0
1.0  4053.0 1516.0
1.0  4053.0 1019.0
1.0  4053.0 1790.0
1.0  4053.0 1820.0
1.0  4053.0 1307.0
1.0  4053.0 1557.0
1.0  4053.0 1436.0
1.0  4053.0 1265.0
1.0  4053.0 1983.0
0.0  4048.0 2000.0
1.0  4053.0 1425.0
0.0  4049.0 2000.0
0.0  4049.0 2000.0
1.0  4053.0 1770.0
0.0  4049.0 2000.0
1.0  4053.0 1523.0
1.0  4053.0 1615.0
1.0  4053.0 1530.0
1.0  4053.0 1397.0
1.0  4053.0 1417.0
0.0  4049.0 2000.0
1.0  4053.0 1082.0
0.0  4049.0 2000.0
1.0  4053.0 1926.0
1.0  4053.0 1241.0
0.0  2029.0  629.0
1.0  4053.0 1607.0
1.0  4053.0 1640.0
1.0  4053.0 1289.0
0.0  4048.0 2000.0
1.0  4053.0 1991.0
1.0  4053.0 1568.0
1.0  4053.0 1608.0
0.0  4049.0 2000.0
1.0  4053.0 1442.0
1.0  4053.0 1872.0
1.0  4053.0 1199.0
1.0  4053.0 1663.0
0.0  4048.0 2000.0
1.0  4053.0 1614.0
0.0  4049.0 2000.0
1.0  4053.0 1934.0
1.0  4053.0 1191.0
1.0  4053.0 1532.0
1.0  4053.0 1859.0
1.0  4053.0 1651.0
1.0  4053.0 1526.0
0.0  4047.0 2000.0
1.0  4053.0 1921.0
1.0  4053.0 1505.0
1.0  4053.0 1762.0
1.0  4053.0 1533.0
1.0  4053.0 1680.0
0.0  2026.0  570.0
1.0  4053.0  975.0
1.0  4053.0 1993.0
1.0  4053.0 1130.0
1.0  4053.0 1467.0
0.0  2022.0  577.0
1.0  4053.0 1830.0
1.0  4053.0 1577.0
1.0  4053.0 1473.0
1.0  4053.0 1355.0
0.0  4048.0 2000.0
1.0  4053.0 1497.0
1.0  4053.0 1957.0
1.0  4053.0 1353.0
1.0  4053.0 1231.0
0.0  4049.0 2000.0
1.0  4053.0 1552.0
1.0  4053.0 1905.0
0.0  4050.0 2000.0
1.0  4053.0 1211.0
1.0  4053.0 1507.0
1.0  4053.0 1315.0
1.0  4053.0 1637.0
1.0  4053.0 1482.0
1.0  4053.0 1959.0
1.0  4053.0 1241.0
1.0  4053.0 1463.0
0.0  4048.0 2000.0
0.0  4049.0 2000.0
1.0  4053.0 1378.0
1.0  4053.0 1027.0
1.0  4053.0  977.0
0.0  4048.0 2000.0
1.0  4053.0 1738.0
0.0  4049.0 2000.0
1.0  4053.0 1612.0
1.0  4053.0 1804.0
1.0  4053.0 1654.0
1.0  4053.0 1616.0
1.0  4053.0 1444.0
1.0  4053.0 1693.0
1.0  4053.0  981.0
1.0  4053.0 1657.0
0.0  4047.0 2000.0
1.0  4053.0 1732.0
1.0  4053.0 1918.0
1.0  4053.0 1764.0
0.0  4049.0 2000.0
1.0  4053.0 1859.0
1.0  4053.0 1231.0
1.0  4053.0 1501.0
0.0  4049.0 2000.0
1.0  4053.0 1076.0
1.0  4053.0 1636.0
1.0  4053.0 1857.0
1.0  4053.0 1591.0
1.0  4053.0 1446.0
1.0  4053.0 1070.0
1.0  4053.0 1638.0
1.0  4053.0 1757.0
1.0  4053.0 1481.0
1.0  4053.0 1225.0
1.0  4053.0 1425.0
1.0  4053.0 1044.0
1.0  4053.0 1860.0
0.0  4049.0 2000.0
1.0  4053.0 1340.0
1.0  4053.0 1808.0
1.0  4053.0 1343.0
1.0  4053.0 1255.0
1.0  4053.0 1213.0
1.0  4053.0  982.0
1.0  4053.0 1094.0
1.0  4053.0 1399.0
1.0  4053.0 1646.0
0.0  4049.0 2000.0
1.0  4053.0 1391.0
0.0  4050.0 2000.0
0.0  4049.0 2000.0
0.0  4049.0 2000.0
1.0  4053.0 1727.0
0.0  4048.0 2000.0
1.0  4053.0 1632.0
1.0  4053.0 1483.0
1.0  4053.0 1428.0
1.0  4053.0 1482.0
1.0  4053.0 1233.0
1.0  4053.0  975.0
0.0  4049.0 2000.0
1.0  4053.0 1240.0
1.0  4053.0 1745.0
1.0  4053.0 1645.0
1.0  4053.0 1493.0
1.0  4053.0 1218.0
1.0  4053.0 1920.0
1.0  4053.0 1751.0
1.0  4053.0 1490.0
1.0  4053.0 1648.0
1.0  4053.0 1411.0
1.0  4053.0 1757.0
1.0  4053.0 1992.0
0.0  4049.0 2000.0
1.0  4053.0 1874.0
1.0  4053.0 1612.0
1.0  4053.0  994.0
0.0  1015.0  347.0
1.0  4053.0 1904.0
1.0  4053.0 1008.0
1.0  4053.0 1073.0
1.0  4053.0 1656.0
0.0  4048.0 2000.0
1.0  4053.0 1068.0
1.0  4053.0 1850.0
1.0  4053.0 1763.0
1.0  4053.0 1795.0
1.0  4053.0 1559.0
1.0  4053.0 1047.0
1.0  4053.0 1141.0
1.0  4053.0 1429.0
1.0  4053.0 1117.0
1.0  4053.0 1997.0
1.0  4053.0 1598.0
1.0  4053.0 1935.0
1.0  4053.0 1717.0
1.0  4053.0 1443.0
1.0  4053.0 1890.0
0.0  4049.0 2000.0
1.0  4053.0 1019.0
1.0  4053.0 1670.0
1.0  4053.0 1332.0
1.0  4053.0 1048.0
1.0  4053.0  994.0
1.0  4053.0 1375.0
1.0  4053.0 1073.0
0.0  4049.0 2000.0
1.0  4053.0 1615.0
0.0  4048.0 2000.0
0.0  4048.0 2000.0
1.0  4053.0 1716.0
1.0  4053.0 1735.0
1.0  4053.0 1349.0
1.0  4053.0 1188.0
1.0  4053.0 1540.0
1.0  4053.0 1945.0
1.0  4053.0 1883.0
0.0  4049.0 2000.0
0.0  4049.0 2000.0
1.0  4053.0 1203.0
1.0  4053.0 1243.0
1.0  4053.0 1234.0
1.0  4053.0 1307.0
0.0  4049.0 2000.0
1.0  4053.0 1588.0
1.0  4053.0 1487.0
0.0  4049.0 2000.0
0.0  4049.0 2000.0
1.0  4053.0 1681.0
0.0  4048.0 2000.0
1.0  4053.0 1467.0
1.0  4053.0 1870.0
0.0  4049.0 2000.0
1.0  4053.0 1744.0
0.0  4047.0 2000.0
1.0  4053.0 1446.0
1.0  4053.0 1633.0
1.0  4053.0 1515.0
1.0  4053.0 1668.0
1.0  4053.0 1388.0
0.0  4049.0 2000.0
1.0  4053.0 1699.0
1.0  4053.0 1307.0
0.0  4049.0 2000.0
1.0  4053.0 1129.0
0.0  4049.0 2000.0
1.0  4053.0 1860.0
0.0  4049.0 2000.0
0.0  4048.0 2000.0
1.0  4053.0 1059.0
1.0  4053.0 1796.0
1.0  4053.0 1252.0
1.0  4053.0 1931.0
1.0  4053.0 1062.0
0.0  4049.0 2000.0
0.0  4048.0 2000.0
1.0  4053.0 1515.0
1.0  4053.0 1673.0
1.0  4053.0 1837.0
1.0  4053.0 1633.0
1.0  4053.0 1742.0
1.0  4053.0 1878.0
1.0  4053.0 1347.0
1.0  4053.0 1312.0
0.0  4046.0  964.0
1.0  4053.0 1853.0
1.0  4053.0 1312.0
1.0  4053.0 1578.0
1.0  4053.0  975.0
0.0  4049.0 2000.0
1.0  4053.0 1242.0
0.0  4048.0 2000.0
1.0  4053.0 1813.0
1.0  4053.0 1531.0
1.0  4053.0 1249.0
1.0  4053.0 1525.0
1.0  4053.0 1806.0
1.0  4053.0 1490.0
0.0  4049.0 2000.0
1.0  4053.0 1656.0
0.0  4049.0 2000.0
0.0  4047.0 2000.0
1.0  4053.0 1556.0
1.0  4053.0 1616.0
1.0  4053.0 1931.0
1.0  4053.0 1730.0
1.0  4053.0 1443.0
1.0  4053.0 1214.0
1.0  4053.0 1632.0
1.0  4053.0 1915.0
1.0  4053.0 1613.0
1.0  4053.0 1170.0
1.0  4053.0 1356.0
1.0  4053.0 1191.0
1.0  4053.0 1835.0
1.0  4053.0 1333.0
1.0  4053.0 1320.0
0.0  4049.0 2000.0
1.0  4053.0 1796.0
1.0  4053.0 1770.0
1.0  4053.0 1792.0
1.0  4053.0 1650.0
1.0  4053.0 1938.0
1.0  4053.0 1301.0
1.0  4053.0 1927.0
