1.0  4053.0 1333.0
0.0  4047.0 2000.0
1.0  4053.0 1012.0
1.0  4053.0  975.0
1.0  4053.0 1251.0
1.0  4053.0  982.0
1.0  4053.0  982.0
1.0  4053.0 1369.0
1.0  4053.0  976.0
1.0  4053.0  975.0
1.0  4053.0 1089.0
1.0  4053.0 1009.0
1.0  4053.0  979.0
1.0  4053.0 1159.0
1.0  4053.0 1103.0
1.0  4053.0  975.0
1.0  4053.0 1271.0
1.0  4053.0  976.0
0.0    12.0  292.0
1.0  4053.0  975.0
1.0  4053.0 1381.0
1.0  4053.0 1249.0
1.0  4053.0 1175.0
1.0  4053.0  992.0
1.0  4053.0  997.0
1.0  4053.0  976.0
1.0  4053.0  975.0
1.0  4053.0 1227.0
1.0  4053.0  982.0
1.0  4053.0 1639.0
1.0  4053.0  975.0
1.0  4053.0  975.0
1.0  4053.0 1697.0
1.0  4053.0 1368.0
1.0  4053.0  981.0
1.0  4053.0  981.0
1.0  4053.0 1469.0
1.0  4053.0 1305.0
1.0  4053.0 1242.0
1.0  4053.0  975.0
1.0  4053.0 1249.0
1.0  4053.0  976.0
1.0  4053.0 1078.0
1.0  4053.0  975.0
1.0  4053.0  975.0
1.0  4053.0  975.0
1.0  4053.0  975.0
1.0  4053.0 1083.0
1.0  4053.0  975.0
1.0  4053.0 1093.0
1.0  4053.0  975.0
1.0  4053.0 1241.0
1.0  4053.0 1113.0
1.0  4053.0 1105.0
1.0  4053.0 1451.0
1.0  4053.0  975.0
1.0  4053.0  992.0
1.0  4053.0  997.0
1.0  4053.0 1362.0
1.0  4053.0 1612.0
1.0  4053.0 1052.0
1.0  4053.0 1358.0
1.0  4053.0  976.0
1.0  4053.0 1588.0
1.0  4053.0  992.0
1.0  4053.0 1032.0
1.0  4053.0  978.0
1.0  4053.0  975.0
1.0  4053.0 1109.0
1.0  4053.0 1143.0
1.0  4053.0  975.0
1.0  4053.0 1542.0
1.0  4053.0  993.0
1.0  4053.0 1091.0
1.0  4053.0 1362.0
1.0  4053.0  975.0
0.0  2029.0  705.0
1.0  4053.0 1480.0
1.0  4053.0 1270.0
1.0  4053.0 1131.0
1.0  4053.0 1052.0
1.0  4053.0 1211.0
1.0  4053.0  976.0
0.0  4048.0 2000.0
1.0  4053.0 1002.0
1.0  4053.0  977.0
1.0  4053.0 1000.0
1.0  4053.0 1332.0
0.0     1.0   99.0
1.0  4053.0  975.0
1.0  4053.0  975.0
1.0  4053.0 1019.0
1.0  4053.0  975.0
1.0  4053.0 1330.0
1.0  4053.0 1577.0
1.0  4053.0 1026.0
1.0  4053.0 1026.0
1.0  4053.0 1692.0
1.0  4053.0 1486.0
1.0  4053.0  975.0
1.0  4053.0  975.0
1.0  4053.0 1040.0
1.0  4053.0 1475.0
1.0  4053.0 1181.0
1.0  4053.0 1016.0
1.0  4053.0  975.0
1.0  4053.0 1357.0
1.0  4053.0  975.0
1.0  4053.0 1190.0
1.0  4053.0  975.0
1.0  4053.0  975.0
1.0  4053.0  976.0
1.0  4053.0 1133.0
1.0  4053.0 1467.0
1.0  4053.0 1476.0
1.0  4053.0 1033.0
1.0  4053.0  975.0
1.0  4053.0 1316.0
1.0  4053.0 1427.0
1.0  4053.0  981.0
1.0  4053.0 1270.0
1.0  4053.0 1025.0
1.0  4053.0 1821.0
1.0  4053.0 1513.0
1.0  4053.0 1441.0
1.0  4053.0  975.0
1.0  4053.0  977.0
1.0  4053.0  975.0
1.0  4053.0 1044.0
1.0  4053.0  975.0
1.0  4053.0 1002.0
1.0  4053.0 1010.0
1.0  4053.0 1170.0
1.0  4053.0  975.0
1.0  4053.0  975.0
1.0  4053.0  975.0
1.0  4053.0 1037.0
1.0  4053.0 1092.0
1.0  4053.0 1144.0
1.0  4053.0 1004.0
1.0  4053.0 1508.0
1.0  4053.0 1171.0
1.0  4053.0 1269.0
1.0  4053.0 1168.0
1.0  4053.0  994.0
1.0  4053.0 1713.0
1.0  4053.0 1061.0
1.0  4053.0  981.0
1.0  4053.0  976.0
1.0  4053.0 1270.0
1.0  4053.0 1091.0
1.0  4053.0 1318.0
1.0  4053.0  975.0
1.0  4053.0 1025.0
1.0  4053.0 1320.0
1.0  4053.0 1590.0
1.0  4053.0 1035.0
1.0  4053.0 1142.0
1.0  4053.0 1168.0
1.0  4053.0  975.0
1.0  4053.0 1416.0
1.0  4053.0 1081.0
1.0  4053.0 1088.0
1.0  4053.0 1129.0
1.0  4053.0  975.0
1.0  4053.0  977.0
1.0  4053.0 1445.0
1.0  4053.0 1579.0
1.0  4053.0 1522.0
1.0  4053.0  975.0
1.0  4053.0 1195.0
1.0  4053.0  975.0
1.0  4053.0 1069.0
1.0  4053.0 1412.0
1.0  4053.0 1138.0
0.0  2029.0  677.0
0.0  3035.0  827.0
1.0  4053.0  983.0
1.0  4053.0  975.0
1.0  4053.0  987.0
1.0  4053.0  981.0
1.0  4053.0 1242.0
1.0  4053.0  982.0
1.0  4053.0 1515.0
1.0  4053.0 1094.0
1.0  4053.0 1094.0
1.0  4053.0 1171.0
1.0  4053.0  976.0
1.0  4053.0 1089.0
1.0  4053.0 1060.0
1.0  4053.0  975.0
1.0  4053.0  993.0
0.0     4.0  194.0
1.0  4053.0 1246.0
1.0  4053.0  976.0
1.0  4053.0 1646.0
1.0  4053.0 1316.0
1.0  4053.0  975.0
1.0  4053.0 1036.0
1.0  4053.0 1362.0
1.0  4053.0  975.0
1.0  4053.0 1207.0
1.0  4053.0 1072.0
1.0  4053.0 1755.0
1.0  4053.0  975.0
1.0  4053.0 1161.0
1.0  4053.0  975.0
1.0  4053.0 1242.0
1.0  4053.0  975.0
1.0  4053.0 1408.0
1.0  4053.0  975.0
1.0  4053.0 1588.0
1.0  4053.0  975.0
0.0  1021.0  472.0
1.0  4053.0 1021.0
1.0  4053.0  975.0
1.0  4053.0 1633.0
1.0  4053.0  975.0
1.0  4053.0  975.0
1.0  4053.0 1687.0
1.0  4053.0  975.0
1.0  4053.0  975.0
1.0  4053.0  991.0
1.0  4053.0 1061.0
1.0  4053.0 1201.0
1.0  4053.0 1355.0
1.0  4053.0 1315.0
1.0  4053.0  995.0
1.0  4053.0 1128.0
1.0  4053.0 1219.0
0.0  4045.0 2000.0
1.0  4053.0 1132.0
1.0  4053.0  975.0
1.0  4053.0 1990.0
1.0  4053.0 1316.0
1.0  4053.0 1316.0
1.0  4053.0  999.0
1.0  4053.0 1077.0
1.0  4053.0  976.0
1.0  4053.0 1019.0
1.0  4053.0 1488.0
0.0    12.0  306.0
1.0  4053.0 1637.0
1.0  4053.0  975.0
1.0  4053.0 1112.0
1.0  4053.0  982.0
1.0  4053.0 1209.0
1.0  4053.0 1026.0
1.0  4053.0  975.0
1.0  4053.0  986.0
1.0  4053.0 1009.0
1.0  4053.0  975.0
1.0  4053.0 1103.0
1.0  4053.0 1642.0
1.0  4053.0  976.0
1.0  4053.0  975.0
1.0  4053.0 1595.0
1.0  4053.0 1135.0
1.0  4053.0 1166.0
1.0  4053.0  975.0
1.0  4053.0  975.0
1.0  4053.0 1446.0
1.0  4053.0 1654.0
1.0  4053.0 1216.0
1.0  4053.0 1307.0
1.0  4053.0 1049.0
1.0  4053.0  995.0
0.0     2.0  142.0
1.0  4053.0  989.0
1.0  4053.0 1011.0
1.0  4053.0 1339.0
1.0  4053.0 1651.0
1.0  4053.0  976.0
1.0  4053.0  975.0
1.0  4053.0  975.0
1.0  4053.0  975.0
1.0  4053.0 1021.0
1.0  4053.0 1269.0
1.0  4053.0 1021.0
1.0  4053.0 1203.0
1.0  4053.0 1700.0
1.0  4053.0 1298.0
1.0  4053.0 1148.0
1.0  4053.0 1310.0
1.0  4053.0  976.0
1.0  4053.0  988.0
1.0  4053.0  975.0
1.0  4053.0  976.0
1.0  4053.0 1211.0
1.0  4053.0  997.0
1.0  4053.0  975.0
1.0  4053.0 1591.0
1.0  4053.0 1362.0
1.0  4053.0  998.0
1.0  4053.0  995.0
1.0  4053.0 1194.0
1.0  4053.0 1646.0
1.0  4053.0 1394.0
1.0  4053.0  975.0
1.0  4053.0  975.0
1.0  4053.0  976.0
1.0  4053.0  975.0
1.0  4053.0 1217.0
1.0  4053.0 1024.0
1.0  4053.0 1220.0
1.0  4053.0  976.0
1.0  4053.0 1558.0
1.0  4053.0  976.0
1.0  4053.0 1282.0
1.0  4053.0 1692.0
1.0  4053.0  975.0
1.0  4053.0 1004.0
1.0  4053.0 1141.0
1.0  4053.0  975.0
1.0  4053.0  975.0
1.0  4053.0  993.0
1.0  4053.0  975.0
1.0  4053.0  995.0
1.0  4053.0 1015.0
1.0  4053.0 1085.0
1.0  4053.0  975.0
1.0  4053.0 1088.0
1.0  4053.0 1121.0
1.0  4053.0 1034.0
1.0  4053.0  975.0
1.0  4053.0  983.0
1.0  4053.0  975.0
1.0  4053.0 1155.0
1.0  4053.0 1189.0
1.0  4053.0  975.0
1.0  4053.0  976.0
1.0  4053.0  975.0
1.0  4053.0 1034.0
1.0  4053.0 1059.0
1.0  4053.0 1161.0
1.0  4053.0 1032.0
1.0  4053.0 1075.0
1.0  4053.0 1518.0
1.0  4053.0  976.0
1.0  4053.0 1366.0
1.0  4053.0 1190.0
1.0  4053.0 1282.0
1.0  4053.0  975.0
1.0  4053.0 1239.0
1.0  4053.0  995.0
1.0  4053.0 1035.0
1.0  4053.0 1599.0
1.0  4053.0 1024.0
1.0  4053.0  975.0
1.0  4053.0  975.0
1.0  4053.0  975.0
1.0  4053.0 1168.0
1.0  4053.0 1148.0
0.0     2.0  142.0
1.0  4053.0 1429.0
1.0  4053.0 1024.0
1.0  4053.0 1105.0
1.0  4053.0  975.0
0.0  1016.0  420.0
1.0  4053.0  975.0
1.0  4053.0 1087.0
1.0  4053.0 1063.0
1.0  4053.0 1025.0
1.0  4053.0 1153.0
1.0  4053.0 1035.0
1.0  4053.0 1090.0
1.0  4053.0 1093.0
1.0  4053.0  990.0
1.0  4053.0 1044.0
1.0  4053.0 1270.0
1.0  4053.0 1467.0
1.0  4053.0  975.0
1.0  4053.0 1267.0
1.0  4053.0 1041.0
1.0  4053.0 1020.0
1.0  4053.0 1130.0
1.0  4053.0 1197.0
1.0  4053.0 1023.0
1.0  4053.0  975.0
1.0  4053.0 1189.0
1.0  4053.0 1083.0
1.0  4053.0 1093.0
1.0  4053.0 1034.0
1.0  4053.0 1161.0
1.0  4053.0 1175.0
1.0  4053.0 1190.0
1.0  4053.0  989.0
0.0    11.0  264.0
0.0     8.0  258.0
1.0  4053.0  988.0
1.0  4053.0  976.0
0.0  4047.0 1193.0
1.0  4053.0 1657.0
1.0  4053.0  982.0
1.0  4053.0 1631.0
1.0  4053.0  984.0
1.0  4053.0 1198.0
1.0  4053.0 1021.0
1.0  4053.0  975.0
1.0  4053.0 1109.0
1.0  4053.0 1440.0
1.0  4053.0  975.0
1.0  4053.0  975.0
1.0  4053.0  975.0
1.0  4053.0 1084.0
1.0  4053.0  975.0
1.0  4053.0 1006.0
1.0  4053.0  975.0
1.0  4053.0  975.0
1.0  4053.0 1262.0
1.0  4053.0  975.0
1.0  4053.0  982.0
1.0  4053.0 1217.0
1.0  4053.0 1044.0
1.0  4053.0  975.0
1.0  4053.0  977.0
1.0  4053.0  975.0
1.0  4053.0 1316.0
1.0  4053.0  976.0
1.0  4053.0  975.0
1.0  4053.0  975.0
1.0  4053.0  975.0
1.0  4053.0 1006.0
1.0  4053.0 1135.0
1.0  4053.0 1138.0
1.0  4053.0  975.0
1.0  4053.0 1183.0
1.0  4053.0  982.0
1.0  4053.0 1075.0
1.0  4053.0 1043.0
1.0  4053.0 1793.0
1.0  4053.0  976.0
1.0  4053.0 1289.0
1.0  4053.0 1072.0
1.0  4053.0 1134.0
1.0  4053.0 1496.0
1.0  4053.0  975.0
1.0  4053.0 1172.0
1.0  4053.0 1008.0
1.0  4053.0 1042.0
1.0  4053.0  975.0
1.0  4053.0 1081.0
1.0  4053.0 1087.0
1.0  4053.0 1166.0
1.0  4053.0 1134.0
0.0    11.0  292.0
0.0    11.0  338.0
1.0  4053.0 1050.0
1.0  4053.0  976.0
1.0  4053.0 1231.0
1.0  4053.0 1406.0
1.0  4053.0 1138.0
1.0  4053.0  975.0
1.0  4053.0  975.0
1.0  4053.0  976.0
0.0  1017.0  381.0
1.0  4053.0  975.0
1.0  4053.0 1094.0
1.0  4053.0 1197.0
1.0  4053.0 1429.0
1.0  4053.0 1037.0
1.0  4053.0  975.0
1.0  4053.0  993.0
1.0  4053.0 1169.0
1.0  4053.0  976.0
1.0  4053.0 1683.0
0.0    12.0  306.0
1.0  4053.0  975.0
1.0  4053.0 1084.0
1.0  4053.0  982.0
1.0  4053.0 1103.0
1.0  4053.0 1338.0
1.0  4053.0 1022.0
1.0  4053.0  981.0
1.0  4053.0  998.0
1.0  4053.0 1158.0
1.0  4053.0 1361.0
1.0  4053.0 1033.0
1.0  4053.0 1256.0
1.0  4053.0  976.0
1.0  4053.0 1035.0
1.0  4053.0 1177.0
1.0  4053.0  978.0
1.0  4053.0  976.0
1.0  4053.0 1431.0
1.0  4053.0 1259.0
1.0  4053.0 1633.0
1.0  4053.0 1037.0
1.0  4053.0  975.0
1.0  4053.0 1042.0
1.0  4053.0  975.0
1.0  4053.0 1028.0
1.0  4053.0 1515.0
1.0  4053.0 1096.0
1.0  4053.0 1253.0
1.0  4053.0  975.0
1.0  4053.0  992.0
1.0  4053.0  975.0
1.0  4053.0  976.0
1.0  4053.0 1134.0
1.0  4053.0  982.0
1.0  4053.0 1262.0
1.0  4053.0  981.0
1.0  4053.0 1157.0
1.0  4053.0  975.0
1.0  4053.0  975.0
1.0  4053.0  975.0
1.0  4053.0  975.0
1.0  4053.0  975.0
1.0  4053.0 1794.0
1.0  4053.0  975.0
1.0  4053.0 1142.0
1.0  4053.0  983.0
0.0     5.0  218.0
1.0  4053.0 1135.0
1.0  4053.0 1073.0
1.0  4053.0  975.0
1.0  4053.0  975.0
1.0  4053.0 1087.0
0.0  1018.0  375.0
1.0  4053.0 1049.0
1.0  4053.0 1000.0
1.0  4053.0  975.0
1.0  4053.0 1310.0
1.0  4053.0  975.0
1.0  4053.0  988.0
1.0  4053.0  975.0
1.0  4053.0 1013.0
1.0  4053.0 1145.0
1.0  4053.0 1334.0
1.0  4053.0  975.0
1.0  4053.0 1164.0
1.0  4053.0  975.0
0.0  1021.0  543.0
1.0  4053.0  975.0
1.0  4053.0  973.0
1.0  4053.0 1201.0
1.0  4053.0 1177.0
1.0  4053.0  975.0
1.0  4053.0  975.0
1.0  4053.0 1002.0
1.0  4053.0 1162.0
1.0  4053.0  987.0
1.0  4053.0  982.0
1.0  4053.0 1083.0
1.0  4053.0 1159.0
1.0  4053.0 1020.0
0.0     3.0  172.0
1.0  4053.0  975.0
1.0  4053.0 1190.0
1.0  4053.0  976.0
1.0  4053.0  975.0
1.0  4053.0 1211.0
0.0     4.0  218.0
1.0  4053.0  976.0
1.0  4053.0 1242.0
1.0  4053.0 1245.0
1.0  4053.0 1222.0
1.0  4053.0 1625.0
1.0  4053.0 1303.0
0.0    13.0  344.0
0.0     3.0  151.0
1.0  4053.0 1170.0
0.0    13.0  353.0
1.0  4053.0  975.0
1.0  4053.0  976.0
1.0  4053.0  982.0
1.0  4053.0  985.0
1.0  4053.0 1233.0
1.0  4053.0 1442.0
1.0  4053.0 1012.0
1.0  4053.0 1206.0
1.0  4053.0 1049.0
1.0  4053.0  976.0
1.0  4053.0 1141.0
1.0  4053.0  975.0
1.0  4053.0 1162.0
1.0  4053.0 1003.0
1.0  4053.0 1575.0
1.0  4053.0  975.0
1.0  4053.0  975.0
1.0  4053.0 1121.0
1.0  4053.0  992.0
1.0  4053.0 1590.0
1.0  4053.0  997.0
1.0  4053.0  975.0
1.0  4053.0  975.0
1.0  4053.0 1109.0
1.0  4053.0  982.0
1.0  4053.0 1112.0
1.0  4053.0 1016.0
1.0  4053.0 1306.0
1.0  4053.0  975.0
1.0  4053.0  975.0
0.0     9.0  218.0
1.0  4053.0  975.0
1.0  4053.0 1497.0
1.0  4053.0  995.0
1.0  4053.0 1242.0
1.0  4053.0 1198.0
1.0  4053.0  975.0
1.0  4053.0 1233.0
1.0  4053.0  975.0
1.0  4053.0  975.0
1.0  4053.0  975.0
1.0  4053.0  975.0
1.0  4053.0 1712.0
1.0  4053.0 1206.0
1.0  4053.0 1122.0
1.0  4053.0  975.0
1.0  4053.0  975.0
1.0  4053.0  975.0
1.0  4053.0 1296.0
1.0  4053.0  975.0
1.0  4053.0 1197.0
1.0  4053.0 1349.0
1.0  4053.0  982.0
0.0     3.0  160.0
1.0  4053.0 1260.0
1.0  4053.0  976.0
1.0  4053.0  975.0
1.0  4053.0  979.0
1.0  4053.0  975.0
1.0  4053.0  975.0
1.0  4053.0  982.0
1.0  4053.0 1082.0
1.0  4053.0  978.0
1.0  4053.0 1033.0
1.0  4053.0 1051.0
1.0  4053.0 1041.0
1.0  4053.0  982.0
1.0  4053.0  975.0
1.0  4053.0 1014.0
1.0  4053.0 1007.0
1.0  4053.0  995.0
1.0  4053.0  975.0
1.0  4053.0  975.0
1.0  4053.0  975.0
1.0  4053.0  976.0
1.0  4053.0  977.0
1.0  4053.0 1255.0
1.0  4053.0 1457.0
1.0  4053.0 1475.0
1.0  4053.0 1305.0
1.0  4053.0 1379.0
1.0  4053.0  982.0
1.0  4053.0 1029.0
1.0  4053.0  997.0
1.0  4053.0 1060.0
1.0  4053.0 1238.0
1.0  4053.0 1199.0
1.0  4053.0 1058.0
1.0  4053.0  994.0
1.0  4053.0 1466.0
1.0  4053.0 1045.0
1.0  4053.0 1549.0
1.0  4053.0 1288.0
1.0  4053.0  976.0
1.0  4053.0 1097.0
1.0  4053.0  975.0
0.0     2.0  151.0
1.0  4053.0  975.0
1.0  4053.0 1027.0
1.0  4053.0  975.0
1.0  4053.0 1432.0
1.0  4053.0 1228.0
1.0  4053.0 1108.0
1.0  4053.0  975.0
1.0  4053.0  976.0
1.0  4053.0  993.0
1.0  4053.0  975.0
1.0  4053.0  976.0
1.0  4053.0 1345.0
1.0  4053.0 1362.0
1.0  4053.0  975.0
1.0  4053.0  976.0
1.0  4053.0 1740.0
1.0  4053.0  975.0
1.0  4053.0 1379.0
1.0  4053.0 1321.0
1.0  4053.0 1312.0
1.0  4053.0 1188.0
1.0  4053.0  976.0
1.0  4053.0  982.0
1.0  4053.0  976.0
1.0  4053.0 1108.0
1.0  4053.0  982.0
1.0  4053.0 1596.0
1.0  4053.0  975.0
1.0  4053.0  990.0
1.0  4053.0  993.0
1.0  4053.0  975.0
1.0  4053.0  975.0
1.0  4053.0 1137.0
1.0  4053.0  975.0
1.0  4053.0 1251.0
1.0  4053.0  975.0
1.0  4053.0 1153.0
1.0  4053.0  975.0
1.0  4053.0  990.0
1.0  4053.0  975.0
1.0  4053.0 1011.0
1.0  4053.0 1137.0
1.0  4053.0  976.0
1.0  4053.0  994.0
1.0  4053.0  975.0
1.0  4053.0 1504.0
1.0  4053.0  982.0
1.0  4053.0 1015.0
1.0  4053.0  975.0
1.0  4053.0 1006.0
1.0  4053.0 1110.0
1.0  4053.0 1401.0
1.0  4053.0 1634.0
1.0  4053.0  975.0
1.0  4053.0 1022.0
1.0  4053.0 1429.0
1.0  4053.0 1353.0
1.0  4053.0 1181.0
1.0  4053.0  975.0
1.0  4053.0 1650.0
1.0  4053.0 1573.0
1.0  4053.0 1377.0
1.0  4053.0  976.0
1.0  4053.0 1637.0
1.0  4053.0 1240.0
1.0  4053.0 1232.0
1.0  4053.0  975.0
0.0     7.0  246.0
1.0  4053.0 1000.0
1.0  4053.0  976.0
1.0  4053.0 1692.0
1.0  4053.0 1249.0
1.0  4053.0  975.0
1.0  4053.0 1071.0
1.0  4053.0  994.0
1.0  4053.0  975.0
1.0  4053.0  976.0
1.0  4053.0  976.0
1.0  4053.0 1002.0
1.0  4053.0  975.0
1.0  4053.0 1327.0
1.0  4053.0 1275.0
1.0  4053.0  975.0
1.0  4053.0 1094.0
1.0  4053.0 1009.0
1.0  4053.0  975.0
1.0  4053.0  975.0
1.0  4053.0  976.0
1.0  4053.0 1355.0
1.0  4053.0  978.0
1.0  4053.0  999.0
1.0  4053.0 1233.0
1.0  4053.0  976.0
1.0  4053.0  975.0
1.0  4053.0  975.0
1.0  4053.0 1439.0
1.0  4053.0  975.0
1.0  4053.0 1057.0
1.0  4053.0 1390.0
1.0  4053.0  976.0
1.0  4053.0  975.0
1.0  4053.0  975.0
1.0  4053.0 1360.0
1.0  4053.0 1464.0
1.0  4053.0  991.0
1.0  4053.0 1013.0
1.0  4053.0 1139.0
1.0  4053.0  977.0
1.0  4053.0 1140.0
1.0  4053.0 1271.0
1.0  4053.0 1002.0
1.0  4053.0  975.0
1.0  4053.0 1092.0
1.0  4053.0  977.0
1.0  4053.0  975.0
1.0  4053.0 1785.0
1.0  4053.0 1425.0
1.0  4053.0 1126.0
1.0  4053.0 1094.0
1.0  4053.0 1190.0
1.0  4053.0  975.0
1.0  4053.0 1132.0
1.0  4053.0 1308.0
1.0  4053.0 1320.0
1.0  4053.0  976.0
1.0  4053.0 1288.0
1.0  4053.0 1042.0
1.0  4053.0 1046.0
1.0  4053.0  975.0
1.0  4053.0  975.0
1.0  4053.0  975.0
1.0  4053.0 1113.0
1.0  4053.0  975.0
0.0  1025.0  582.0
1.0  4053.0  978.0
0.0  1020.0  479.0
1.0  4053.0  975.0
1.0  4053.0  976.0
1.0  4053.0 1041.0
1.0  4053.0 1260.0
1.0  4053.0 1093.0
1.0  4053.0 1038.0
1.0  4053.0  975.0
1.0  4053.0 1109.0
1.0  4053.0  975.0
1.0  4053.0 1171.0
1.0  4053.0 1332.0
1.0  4053.0 1437.0
1.0  4053.0 1050.0
1.0  4053.0 1202.0
1.0  4053.0 1721.0
1.0  4053.0 1572.0
1.0  4053.0  975.0
1.0  4053.0  975.0
1.0  4053.0  975.0
1.0  4053.0  975.0
1.0  4053.0 1009.0
1.0  4053.0  975.0
1.0  4053.0  975.0
1.0  4053.0  976.0
1.0  4053.0 1136.0
1.0  4053.0  975.0
1.0  4053.0  975.0
1.0  4053.0  975.0
1.0  4053.0 1185.0
1.0  4053.0  975.0
1.0  4053.0 1312.0
1.0  4053.0  975.0
1.0  4053.0  975.0
1.0  4053.0  994.0
1.0  4053.0 1255.0
1.0  4053.0  975.0
1.0  4053.0  975.0
1.0  4053.0 1037.0
0.0     4.0  203.0
1.0  4053.0  994.0
1.0  4053.0  975.0
1.0  4053.0 1103.0
1.0  4053.0 1001.0
1.0  4053.0 1604.0
1.0  4053.0 1467.0
1.0  4053.0 1036.0
1.0  4053.0  996.0
1.0  4053.0 1073.0
1.0  4053.0  975.0
1.0  4053.0 1170.0
1.0  4053.0 1088.0
1.0  4053.0  975.0
1.0  4053.0 1153.0
1.0  4053.0 1265.0
1.0  4053.0 1013.0
1.0  4053.0 1481.0
1.0  4053.0 1436.0
1.0  4053.0  975.0
1.0  4053.0  982.0
1.0  4053.0  993.0
1.0  4053.0 1084.0
1.0  4053.0  975.0
1.0  4053.0 1069.0
1.0  4053.0  975.0
1.0  4053.0 1004.0
1.0  4053.0 1336.0
1.0  4053.0  978.0
1.0  4053.0 1040.0
1.0  4053.0 1363.0
1.0  4053.0  975.0
1.0  4053.0 1238.0
1.0  4053.0 1094.0
1.0  4053.0 1044.0
1.0  4053.0 1025.0
1.0  4053.0  975.0
1.0  4053.0 1009.0
1.0  4053.0  975.0
1.0  4053.0  976.0
1.0  4053.0 1036.0
1.0  4053.0 1172.0
1.0  4053.0 1043.0
1.0  4053.0  975.0
1.0  4053.0  975.0
1.0  4053.0 1394.0
1.0  4053.0  982.0
1.0  4053.0  976.0
1.0  4053.0  976.0
1.0  4053.0 1124.0
1.0  4053.0  975.0
1.0  4053.0 1029.0
1.0  4053.0 1088.0
1.0  4053.0 1476.0
1.0  4053.0  975.0
1.0  4053.0  977.0
1.0  4053.0  975.0
1.0  4053.0 1032.0
1.0  4053.0 1243.0
1.0  4053.0  976.0
1.0  4053.0 1210.0
0.0  1020.0  410.0
1.0  4053.0 1130.0
1.0  4053.0 1131.0
1.0  4053.0 1154.0
1.0  4053.0 1486.0
1.0  4053.0  975.0
1.0  4053.0 1174.0
1.0  4053.0 1023.0
1.0  4053.0 1636.0
1.0  4053.0 1520.0
1.0  4053.0 1123.0
1.0  4053.0 1215.0
1.0  4053.0 1035.0
1.0  4053.0 1161.0
1.0  4053.0 1140.0
1.0  4053.0 1289.0
1.0  4053.0 1720.0
1.0  4053.0 1512.0
1.0  4053.0 1107.0
1.0  4053.0 1264.0
1.0  4053.0  975.0
1.0  4053.0 1323.0
1.0  4053.0  990.0
1.0  4053.0  975.0
1.0  4053.0  991.0
0.0    14.0  306.0
1.0  4053.0 1193.0
1.0  4053.0 1061.0
1.0  4053.0 1820.0
1.0  4053.0  975.0
1.0  4053.0  989.0
1.0  4053.0 1004.0
1.0  4053.0  995.0
1.0  4053.0 1077.0
1.0  4053.0  976.0
1.0  4053.0  975.0
1.0  4053.0 1038.0
1.0  4053.0 1194.0
1.0  4053.0  978.0
1.0  4053.0 1376.0
1.0  4053.0  975.0
1.0  4053.0  982.0
1.0  4053.0  975.0
1.0  4053.0 1054.0
1.0  4053.0 1071.0
1.0  4053.0 1246.0
1.0  4053.0 1184.0
1.0  4053.0 1659.0
1.0  4053.0 1209.0
1.0  4053.0 1026.0
1.0  4053.0 1000.0
1.0  4053.0  975.0
1.0  4053.0 1182.0
1.0  4053.0  982.0
1.0  4053.0 1351.0
1.0  4053.0  977.0
1.0  4053.0 1146.0
1.0  4053.0 1479.0
1.0  4053.0 1752.0
1.0  4053.0 1089.0
1.0  4053.0  975.0
1.0  4053.0  975.0
1.0  4053.0  977.0
1.0  4053.0 1191.0
1.0  4053.0 1234.0
1.0  4053.0  975.0
1.0  4053.0  976.0
1.0  4053.0  994.0
1.0  4053.0 1011.0
1.0  4053.0  975.0
1.0  4053.0 1121.0
1.0  4053.0  982.0
1.0  4053.0  975.0
1.0  4053.0  975.0
1.0  4053.0 1140.0
1.0  4053.0  987.0
1.0  4053.0 1257.0
1.0  4053.0 1410.0
1.0  4053.0  976.0
1.0  4053.0  975.0
1.0  4053.0  995.0
1.0  4053.0  975.0
1.0  4053.0 1013.0
1.0  4053.0 1187.0
1.0  4053.0 1232.0
1.0  4053.0 1138.0
1.0  4053.0  975.0
1.0  4053.0  995.0
1.0  4053.0 1241.0
1.0  4053.0 1427.0
1.0  4053.0  975.0
1.0  4053.0 1499.0
1.0  4053.0  993.0
1.0  4053.0 1028.0
1.0  4053.0 1088.0
1.0  4053.0  976.0
1.0  4053.0 1178.0
1.0  4053.0  975.0
1.0  4053.0 1517.0
1.0  4053.0  975.0
1.0  4053.0 1027.0
1.0  4053.0 1320.0
1.0  4053.0  979.0
1.0  4053.0  975.0
