1.0  4053.0  975.0
1.0  4053.0  976.0
1.0  4053.0  975.0
1.0  4053.0  975.0
1.0  4053.0  976.0
1.0  4053.0  975.0
1.0  4053.0  975.0
1.0  4053.0 1270.0
1.0  4053.0  975.0
1.0  4053.0  975.0
1.0  4053.0  975.0
1.0  4053.0  975.0
1.0  4053.0  993.0
1.0  4053.0 1060.0
1.0  4053.0  976.0
1.0  4053.0  988.0
1.0  4053.0  981.0
1.0  4053.0  975.0
1.0  4053.0  975.0
1.0  4053.0  995.0
1.0  4053.0  976.0
1.0  4053.0  975.0
1.0  4053.0 1103.0
0.0     5.0  246.0
1.0  4053.0  975.0
1.0  4053.0  975.0
1.0  4053.0  975.0
1.0  4053.0  975.0
1.0  4053.0  975.0
1.0  4053.0  977.0
1.0  4053.0 1129.0
1.0  4053.0 1501.0
1.0  4053.0  975.0
1.0  4053.0  975.0
1.0  4053.0  990.0
1.0  4053.0 1181.0
1.0  4053.0  975.0
1.0  4053.0  975.0
1.0  4053.0  975.0
0.0     4.0  203.0
1.0  4053.0 1086.0
1.0  4053.0  975.0
1.0  4053.0  975.0
1.0  4053.0  975.0
1.0  4053.0 1072.0
0.0     1.0  105.0
1.0  4053.0  975.0
1.0  4053.0  975.0
1.0  4053.0 1082.0
1.0  4053.0  975.0
1.0  4053.0  975.0
1.0  4053.0  975.0
0.0    13.0  338.0
1.0  4053.0  975.0
1.0  4053.0  975.0
1.0  4053.0  975.0
1.0  4053.0  975.0
1.0  4053.0 1036.0
1.0  4053.0  975.0
1.0  4053.0  975.0
1.0  4053.0  975.0
1.0  4053.0  975.0
1.0  4053.0 1073.0
1.0  4053.0  975.0
1.0  4053.0  975.0
1.0  4053.0  995.0
1.0  4053.0  975.0
1.0  4053.0  975.0
1.0  4053.0  975.0
1.0  4053.0 1117.0
1.0  4053.0  976.0
1.0  4053.0  975.0
1.0  4053.0  975.0
1.0  4053.0  975.0
1.0  4053.0 1214.0
1.0  4053.0  997.0
1.0  4053.0  975.0
1.0  4053.0  975.0
1.0  4053.0  975.0
1.0  4053.0 1292.0
1.0  4053.0  975.0
1.0  4053.0  975.0
0.0     5.0  252.0
1.0  4053.0 1059.0
1.0  4053.0  997.0
1.0  4053.0  994.0
1.0  4053.0  977.0
1.0  4053.0  975.0
1.0  4053.0  977.0
1.0  4053.0  981.0
1.0  4053.0  975.0
1.0  4053.0  975.0
1.0  4053.0 1036.0
0.0     3.0  218.0
1.0  4053.0  975.0
1.0  4053.0  975.0
1.0  4053.0  975.0
1.0  4053.0 1034.0
1.0  4053.0  975.0
0.0     4.0  194.0
1.0  4053.0  975.0
1.0  4053.0  975.0
1.0  4053.0  976.0
0.0     8.0  252.0
1.0  4053.0 1038.0
1.0  4053.0  975.0
1.0  4053.0  981.0
1.0  4053.0  975.0
1.0  4053.0  975.0
1.0  4053.0  975.0
1.0  4053.0 1155.0
1.0  4053.0 1316.0
1.0  4053.0  975.0
1.0  4053.0  977.0
1.0  4053.0  975.0
1.0  4053.0 1040.0
1.0  4053.0  982.0
1.0  4053.0  975.0
1.0  4053.0  976.0
1.0  4053.0  992.0
1.0  4053.0  975.0
1.0  4053.0  975.0
1.0  4053.0  975.0
1.0  4053.0  992.0
1.0  4053.0 1136.0
1.0  4053.0  975.0
1.0  4053.0  975.0
1.0  4053.0  976.0
1.0  4053.0  975.0
1.0  4053.0  975.0
1.0  4053.0  975.0
1.0  4053.0  976.0
0.0  1027.0  531.0
1.0  4053.0  975.0
1.0  4053.0  975.0
1.0  4053.0  976.0
1.0  4053.0  975.0
1.0  4053.0  975.0
1.0  4053.0 1085.0
1.0  4053.0  975.0
1.0  4053.0  975.0
1.0  4053.0  975.0
1.0  4053.0  975.0
1.0  4053.0  975.0
1.0  4053.0  975.0
1.0  4053.0 1036.0
1.0  4053.0  975.0
1.0  4053.0  981.0
1.0  4053.0  975.0
1.0  4053.0 1222.0
1.0  4053.0  975.0
1.0  4053.0  976.0
1.0  4053.0  975.0
0.0     9.0  292.0
1.0  4053.0  978.0
1.0  4053.0  975.0
1.0  4053.0  975.0
1.0  4053.0  975.0
0.0     2.0  142.0
0.0     4.0  224.0
1.0  4053.0 1002.0
1.0  4053.0  982.0
1.0  4053.0  975.0
1.0  4053.0  975.0
1.0  4053.0 1139.0
0.0    11.0  322.0
0.0    10.0  353.0
1.0  4053.0  975.0
1.0  4053.0  975.0
1.0  4053.0  976.0
1.0  4053.0  975.0
1.0  4053.0  975.0
1.0  4053.0  975.0
1.0  4053.0  975.0
1.0  4053.0 1112.0
1.0  4053.0  975.0
1.0  4053.0  976.0
1.0  4053.0  992.0
1.0  4053.0  976.0
1.0  4053.0  975.0
1.0  4053.0  975.0
1.0  4053.0  975.0
1.0  4053.0  976.0
1.0  4053.0 1058.0
1.0  4053.0  975.0
1.0  4053.0  977.0
1.0  4053.0  975.0
1.0  4053.0 1034.0
1.0  4053.0 1026.0
1.0  4053.0  975.0
1.0  4053.0  975.0
1.0  4053.0  995.0
1.0  4053.0  975.0
1.0  4053.0 1320.0
1.0  4053.0 1055.0
1.0  4053.0  975.0
1.0  4053.0  977.0
1.0  4053.0  975.0
0.0     5.0  200.0
1.0  4053.0  976.0
1.0  4053.0  976.0
1.0  4053.0  975.0
1.0  4053.0  975.0
1.0  4053.0  975.0
1.0  4053.0  975.0
1.0  4053.0 1566.0
1.0  4053.0  975.0
1.0  4053.0  975.0
1.0  4053.0 1093.0
1.0  4053.0  975.0
1.0  4053.0  975.0
1.0  4053.0 1099.0
1.0  4053.0  975.0
1.0  4053.0 1107.0
1.0  4053.0  975.0
1.0  4053.0  975.0
1.0  4053.0  975.0
1.0  4053.0  975.0
1.0  4053.0 1004.0
1.0  4053.0  975.0
1.0  4053.0  977.0
0.0     9.0  301.0
1.0  4053.0  999.0
1.0  4053.0  975.0
1.0  4053.0  975.0
1.0  4053.0 1023.0
1.0  4053.0  975.0
1.0  4053.0  975.0
1.0  4053.0  975.0
1.0  4053.0  975.0
1.0  4053.0  975.0
1.0  4053.0  975.0
1.0  4053.0  975.0
1.0  4053.0  975.0
1.0  4053.0  975.0
1.0  4053.0  976.0
1.0  4053.0  975.0
1.0  4053.0 1279.0
1.0  4053.0  975.0
1.0  4053.0  975.0
1.0  4053.0  975.0
1.0  4053.0 1316.0
1.0  4053.0  975.0
1.0  4053.0  994.0
1.0  4053.0  975.0
1.0  4053.0  975.0
1.0  4053.0  975.0
1.0  4053.0  976.0
1.0  4053.0  975.0
0.0     8.0  277.0
1.0  4053.0  975.0
1.0  4053.0 1872.0
1.0  4053.0  975.0
1.0  4053.0 1310.0
1.0  4053.0  975.0
1.0  4053.0  976.0
1.0  4053.0  975.0
1.0  4053.0  975.0
1.0  4053.0 1015.0
1.0  4053.0  975.0
1.0  4053.0 1020.0
1.0  4053.0  977.0
1.0  4053.0  975.0
1.0  4053.0  975.0
0.0     3.0  148.0
1.0  4053.0  975.0
1.0  4053.0  975.0
1.0  4053.0  975.0
1.0  4053.0 1087.0
1.0  4053.0  975.0
1.0  4053.0  975.0
1.0  4053.0 1094.0
1.0  4053.0  975.0
1.0  4053.0  975.0
1.0  4053.0 1062.0
1.0  4053.0  995.0
1.0  4053.0  975.0
1.0  4053.0  975.0
1.0  4053.0 1057.0
1.0  4053.0  975.0
1.0  4053.0  975.0
1.0  4053.0  975.0
1.0  4053.0 1244.0
1.0  4053.0 1169.0
1.0  4053.0  975.0
1.0  4053.0 1182.0
1.0  4053.0  975.0
1.0  4053.0  975.0
1.0  4053.0  975.0
1.0  4053.0  976.0
1.0  4053.0 1095.0
1.0  4053.0  975.0
1.0  4053.0  986.0
1.0  4053.0  975.0
1.0  4053.0  975.0
1.0  4053.0  975.0
1.0  4053.0 1032.0
1.0  4053.0 1048.0
1.0  4053.0  975.0
1.0  4053.0  975.0
1.0  4053.0 1362.0
1.0  4053.0  975.0
1.0  4053.0 1087.0
1.0  4053.0  976.0
1.0  4053.0  976.0
1.0  4053.0  975.0
0.0    10.0  310.0
1.0  4053.0  975.0
1.0  4053.0  979.0
1.0  4053.0  975.0
0.0  1018.0  429.0
1.0  4053.0  975.0
1.0  4053.0  975.0
1.0  4053.0 1160.0
1.0  4053.0 1314.0
1.0  4053.0  975.0
1.0  4053.0  975.0
1.0  4053.0  975.0
1.0  4053.0  975.0
1.0  4053.0  975.0
1.0  4053.0  975.0
1.0  4053.0  992.0
1.0  4053.0  975.0
1.0  4053.0  975.0
1.0  4053.0  975.0
1.0  4053.0 1364.0
1.0  4053.0 1303.0
1.0  4053.0 1031.0
1.0  4053.0  975.0
1.0  4053.0  975.0
1.0  4053.0  975.0
1.0  4053.0  975.0
1.0  4053.0  975.0
1.0  4053.0  975.0
1.0  4053.0  991.0
1.0  4053.0  975.0
1.0  4053.0 1134.0
1.0  4053.0  976.0
1.0  4053.0  975.0
1.0  4053.0  995.0
1.0  4053.0  975.0
1.0  4053.0 1329.0
1.0  4053.0  975.0
0.0     4.0  264.0
1.0  4053.0  982.0
1.0  4053.0  976.0
1.0  4053.0  975.0
1.0  4053.0  975.0
1.0  4053.0  975.0
1.0  4053.0  994.0
1.0  4053.0  975.0
1.0  4053.0  975.0
1.0  4053.0  975.0
1.0  4053.0  975.0
1.0  4053.0  975.0
1.0  4053.0  975.0
1.0  4053.0  975.0
1.0  4053.0  976.0
1.0  4053.0  975.0
1.0  4053.0 1223.0
1.0  4053.0 1049.0
0.0     7.0  272.0
1.0  4053.0  975.0
1.0  4053.0  975.0
1.0  4053.0  976.0
1.0  4053.0  975.0
1.0  4053.0  976.0
1.0  4053.0 1362.0
1.0  4053.0 1094.0
1.0  4053.0  975.0
1.0  4053.0  975.0
1.0  4053.0  975.0
1.0  4053.0  978.0
1.0  4053.0  975.0
1.0  4053.0  975.0
1.0  4053.0  975.0
1.0  4053.0  975.0
1.0  4053.0  975.0
1.0  4053.0  975.0
0.0     8.0  270.0
0.0     6.0  264.0
1.0  4053.0 1002.0
1.0  4053.0  975.0
0.0     6.0  270.0
1.0  4053.0  975.0
1.0  4053.0  981.0
1.0  4053.0  977.0
1.0  4053.0 1004.0
0.0  1016.0  439.0
1.0  4053.0  975.0
1.0  4053.0  975.0
1.0  4053.0  994.0
1.0  4053.0  975.0
1.0  4053.0  975.0
1.0  4053.0  975.0
1.0  4053.0  975.0
1.0  4053.0 1220.0
1.0  4053.0  976.0
1.0  4053.0  975.0
1.0  4053.0  975.0
1.0  4053.0  975.0
1.0  4053.0  975.0
1.0  4053.0  975.0
1.0  4053.0  975.0
1.0  4053.0  975.0
1.0  4053.0  975.0
0.0     3.0  166.0
1.0  4053.0  975.0
1.0  4053.0  975.0
1.0  4053.0  975.0
1.0  4053.0  975.0
1.0  4053.0  975.0
1.0  4053.0 1019.0
1.0  4053.0  982.0
0.0     4.0  224.0
1.0  4053.0  975.0
1.0  4053.0  975.0
1.0  4053.0  976.0
0.0     9.0  304.0
1.0  4053.0  973.0
1.0  4053.0  975.0
1.0  4053.0  975.0
1.0  4053.0  975.0
1.0  4053.0  998.0
1.0  4053.0  975.0
1.0  4053.0  976.0
1.0  4053.0  975.0
0.0     2.0  218.0
1.0  4053.0  976.0
1.0  4053.0 1039.0
1.0  4053.0 1223.0
1.0  4053.0  995.0
1.0  4053.0  976.0
0.0    16.0  420.0
1.0  4053.0 1075.0
1.0  4053.0  975.0
1.0  4053.0  975.0
1.0  4053.0  975.0
1.0  4053.0  975.0
1.0  4053.0 1162.0
0.0     5.0  246.0
1.0  4053.0  975.0
1.0  4053.0  975.0
1.0  4053.0  989.0
1.0  4053.0  975.0
1.0  4053.0  975.0
1.0  4053.0  975.0
1.0  4053.0  975.0
1.0  4053.0  994.0
1.0  4053.0  976.0
1.0  4053.0  978.0
1.0  4053.0  975.0
1.0  4053.0  981.0
1.0  4053.0  975.0
1.0  4053.0  975.0
1.0  4053.0 1026.0
0.0    10.0  306.0
1.0  4053.0  975.0
1.0  4053.0  975.0
1.0  4053.0  975.0
1.0  4053.0  975.0
1.0  4053.0  975.0
1.0  4053.0  975.0
1.0  4053.0  975.0
1.0  4053.0  975.0
1.0  4053.0 1040.0
1.0  4053.0  975.0
1.0  4053.0  975.0
1.0  4053.0  975.0
1.0  4053.0  975.0
1.0  4053.0  975.0
1.0  4053.0 1088.0
1.0  4053.0  975.0
1.0  4053.0  975.0
1.0  4053.0  975.0
1.0  4053.0  975.0
1.0  4053.0  975.0
1.0  4053.0  975.0
1.0  4053.0  983.0
1.0  4053.0  975.0
1.0  4053.0  975.0
1.0  4053.0  975.0
1.0  4053.0  976.0
1.0  4053.0  976.0
1.0  4053.0  975.0
1.0  4053.0  981.0
1.0  4053.0  975.0
1.0  4053.0  976.0
1.0  4053.0  975.0
1.0  4053.0  992.0
1.0  4053.0  975.0
1.0  4053.0  975.0
1.0  4053.0  982.0
1.0  4053.0  975.0
1.0  4053.0  975.0
1.0  4053.0  975.0
1.0  4053.0 1003.0
1.0  4053.0  975.0
1.0  4053.0  975.0
1.0  4053.0  975.0
1.0  4053.0  975.0
1.0  4053.0 1009.0
1.0  4053.0  975.0
1.0  4053.0  976.0
1.0  4053.0  975.0
1.0  4053.0  975.0
1.0  4053.0  975.0
1.0  4053.0  975.0
1.0  4053.0  975.0
1.0  4053.0  975.0
1.0  4053.0  975.0
1.0  4053.0  975.0
1.0  4053.0  975.0
1.0  4053.0  975.0
1.0  4053.0  975.0
1.0  4053.0  975.0
1.0  4053.0  982.0
1.0  4053.0  975.0
1.0  4053.0  975.0
1.0  4053.0  975.0
1.0  4053.0 1229.0
1.0  4053.0  975.0
1.0  4053.0  975.0
1.0  4053.0 1113.0
1.0  4053.0 1004.0
1.0  4053.0 1001.0
1.0  4053.0  975.0
1.0  4053.0 1092.0
1.0  4053.0  975.0
1.0  4053.0  975.0
1.0  4053.0 1044.0
1.0  4053.0  975.0
0.0     5.0  166.0
1.0  4053.0  975.0
1.0  4053.0  981.0
1.0  4053.0  978.0
1.0  4053.0  975.0
1.0  4053.0 1116.0
1.0  4053.0  975.0
1.0  4053.0  975.0
1.0  4053.0  995.0
1.0  4053.0  975.0
1.0  4053.0  975.0
1.0  4053.0  975.0
1.0  4053.0 1131.0
1.0  4053.0  975.0
1.0  4053.0  975.0
1.0  4053.0  975.0
1.0  4053.0  975.0
1.0  4053.0  995.0
1.0  4053.0 1006.0
1.0  4053.0  975.0
1.0  4053.0  975.0
1.0  4053.0  975.0
1.0  4053.0  982.0
1.0  4053.0  975.0
1.0  4053.0  975.0
1.0  4053.0 1231.0
1.0  4053.0  975.0
1.0  4053.0  975.0
1.0  4053.0  975.0
1.0  4053.0  982.0
1.0  4053.0  975.0
1.0  4053.0 1013.0
1.0  4053.0  989.0
1.0  4053.0  975.0
1.0  4053.0  975.0
1.0  4053.0  975.0
1.0  4053.0  975.0
1.0  4053.0  975.0
1.0  4053.0  975.0
1.0  4053.0  975.0
1.0  4053.0  975.0
1.0  4053.0  975.0
1.0  4053.0  975.0
1.0  4053.0  976.0
1.0  4053.0  975.0
1.0  4053.0  975.0
1.0  4053.0  975.0
1.0  4053.0  975.0
1.0  4053.0  975.0
1.0  4053.0  975.0
1.0  4053.0  976.0
1.0  4053.0  990.0
1.0  4053.0  975.0
1.0  4053.0 1271.0
1.0  4053.0  975.0
1.0  4053.0  975.0
1.0  4053.0  975.0
1.0  4053.0  975.0
1.0  4053.0  975.0
0.0     5.0  212.0
1.0  4053.0  975.0
1.0  4053.0  975.0
1.0  4053.0  975.0
1.0  4053.0  975.0
1.0  4053.0  975.0
1.0  4053.0  977.0
1.0  4053.0  975.0
1.0  4053.0 1149.0
1.0  4053.0  975.0
1.0  4053.0  975.0
1.0  4053.0  975.0
1.0  4053.0  975.0
1.0  4053.0  975.0
1.0  4053.0  975.0
1.0  4053.0  975.0
1.0  4053.0  975.0
1.0  4053.0  975.0
1.0  4053.0  975.0
1.0  4053.0  975.0
0.0     4.0  196.0
1.0  4053.0 1083.0
1.0  4053.0  977.0
1.0  4053.0  996.0
1.0  4053.0  975.0
1.0  4053.0  984.0
1.0  4053.0 1051.0
1.0  4053.0  990.0
1.0  4053.0  975.0
1.0  4053.0  994.0
1.0  4053.0  982.0
0.0     8.0  246.0
1.0  4053.0  975.0
1.0  4053.0  982.0
1.0  4053.0  975.0
1.0  4053.0  975.0
1.0  4053.0 1270.0
1.0  4053.0  995.0
1.0  4053.0  998.0
1.0  4053.0  975.0
0.0     8.0  292.0
1.0  4053.0  975.0
1.0  4053.0  975.0
1.0  4053.0  975.0
1.0  4053.0  975.0
1.0  4053.0  976.0
1.0  4053.0  975.0
1.0  4053.0  975.0
1.0  4053.0  975.0
1.0  4053.0  975.0
1.0  4053.0  975.0
1.0  4053.0  976.0
1.0  4053.0  990.0
1.0  4053.0  975.0
1.0  4053.0  975.0
1.0  4053.0  975.0
1.0  4053.0  975.0
1.0  4053.0  975.0
1.0  4053.0 1033.0
0.0     3.0  142.0
1.0  4053.0  978.0
1.0  4053.0  975.0
1.0  4053.0  975.0
1.0  4053.0  975.0
1.0  4053.0 1026.0
1.0  4053.0  975.0
1.0  4053.0  994.0
1.0  4053.0  975.0
0.0     8.0  301.0
1.0  4053.0  975.0
1.0  4053.0  975.0
1.0  4053.0  975.0
0.0     9.0  246.0
1.0  4053.0  975.0
0.0  2029.0  683.0
1.0  4053.0  975.0
1.0  4053.0  995.0
1.0  4053.0  975.0
1.0  4053.0  975.0
1.0  4053.0  975.0
1.0  4053.0 1088.0
1.0  4053.0  975.0
1.0  4053.0  975.0
1.0  4053.0  975.0
1.0  4053.0  975.0
0.0    10.0  292.0
1.0  4053.0  975.0
1.0  4053.0  975.0
1.0  4053.0 1094.0
1.0  4053.0  975.0
1.0  4053.0  975.0
1.0  4053.0  975.0
1.0  4053.0  975.0
1.0  4053.0  975.0
0.0     9.0  338.0
1.0  4053.0 1034.0
0.0     2.0  212.0
1.0  4053.0  976.0
1.0  4053.0 1088.0
1.0  4053.0  976.0
1.0  4053.0  975.0
1.0  4053.0 1022.0
1.0  4053.0  975.0
1.0  4053.0  975.0
1.0  4053.0  975.0
1.0  4053.0  975.0
1.0  4053.0 1036.0
1.0  4053.0  975.0
1.0  4053.0  975.0
1.0  4053.0  975.0
1.0  4053.0  975.0
1.0  4053.0  975.0
1.0  4053.0 1023.0
1.0  4053.0  975.0
1.0  4053.0  975.0
0.0     6.0  252.0
1.0  4053.0  975.0
1.0  4053.0  975.0
0.0     6.0  249.0
1.0  4053.0  993.0
1.0  4053.0  975.0
1.0  4053.0 1088.0
1.0  4053.0  975.0
1.0  4053.0  975.0
1.0  4053.0  975.0
1.0  4053.0  975.0
1.0  4053.0  975.0
1.0  4053.0  975.0
1.0  4053.0 1059.0
1.0  4053.0  975.0
1.0  4053.0  975.0
1.0  4053.0  975.0
1.0  4053.0  989.0
1.0  4053.0 1236.0
1.0  4053.0 1071.0
1.0  4053.0  975.0
1.0  4053.0  991.0
1.0  4053.0  993.0
1.0  4053.0  994.0
1.0  4053.0  975.0
1.0  4053.0  975.0
1.0  4053.0  975.0
1.0  4053.0  975.0
1.0  4053.0  975.0
1.0  4053.0  975.0
1.0  4053.0  978.0
1.0  4053.0  975.0
1.0  4053.0  979.0
1.0  4053.0  995.0
1.0  4053.0  975.0
1.0  4053.0  975.0
1.0  4053.0  975.0
1.0  4053.0  975.0
1.0  4053.0  975.0
1.0  4053.0  975.0
1.0  4053.0  976.0
1.0  4053.0  975.0
1.0  4053.0 1019.0
1.0  4053.0 1053.0
1.0  4053.0  975.0
1.0  4053.0  975.0
1.0  4053.0  981.0
1.0  4053.0  975.0
1.0  4053.0  975.0
1.0  4053.0  975.0
1.0  4053.0 1081.0
1.0  4053.0  992.0
0.0     6.0  243.0
1.0  4053.0  975.0
1.0  4053.0  976.0
1.0  4053.0  975.0
1.0  4053.0  975.0
1.0  4053.0  975.0
1.0  4053.0  975.0
1.0  4053.0 1044.0
1.0  4053.0  975.0
1.0  4053.0  975.0
1.0  4053.0 1168.0
1.0  4053.0  975.0
1.0  4053.0  976.0
1.0  4053.0 1191.0
1.0  4053.0 1023.0
1.0  4053.0  975.0
1.0  4053.0  975.0
1.0  4053.0  975.0
1.0  4053.0  975.0
1.0  4053.0  975.0
1.0  4053.0  976.0
1.0  4053.0  975.0
1.0  4053.0  975.0
1.0  4053.0  975.0
0.0    10.0  292.0
1.0  4053.0  982.0
1.0  4053.0  975.0
1.0  4053.0 1053.0
1.0  4053.0  975.0
1.0  4053.0  975.0
1.0  4053.0  975.0
1.0  4053.0  975.0
1.0  4053.0  975.0
1.0  4053.0  975.0
1.0  4053.0  981.0
1.0  4053.0  975.0
1.0  4053.0  975.0
1.0  4053.0  975.0
1.0  4053.0  975.0
1.0  4053.0  975.0
1.0  4053.0 1030.0
1.0  4053.0 1001.0
1.0  4053.0 1070.0
1.0  4053.0  976.0
1.0  4053.0  975.0
1.0  4053.0  975.0
1.0  4053.0  975.0
1.0  4053.0  975.0
1.0  4053.0  975.0
1.0  4053.0  975.0
1.0  4053.0  975.0
1.0  4053.0  975.0
1.0  4053.0  975.0
1.0  4053.0  975.0
1.0  4053.0  975.0
1.0  4053.0  975.0
1.0  4053.0 1006.0
0.0     9.0  304.0
1.0  4053.0  975.0
1.0  4053.0 1020.0
1.0  4053.0 1124.0
1.0  4053.0  975.0
1.0  4053.0  975.0
1.0  4053.0  975.0
1.0  4053.0  975.0
1.0  4053.0  975.0
1.0  4053.0  975.0
1.0  4053.0  975.0
1.0  4053.0  975.0
1.0  4053.0  975.0
1.0  4053.0 1088.0
1.0  4053.0  976.0
1.0  4053.0 1123.0
1.0  4053.0  975.0
1.0  4053.0  975.0
1.0  4053.0 1228.0
1.0  4053.0  975.0
1.0  4053.0  975.0
1.0  4053.0 1145.0
1.0  4053.0  975.0
1.0  4053.0  982.0
1.0  4053.0  975.0
1.0  4053.0  990.0
1.0  4053.0  975.0
1.0  4053.0  975.0
1.0  4053.0  975.0
0.0    11.0  322.0
1.0  4053.0  975.0
1.0  4053.0  975.0
1.0  4053.0 1038.0
1.0  4053.0  982.0
1.0  4053.0  975.0
1.0  4053.0  975.0
1.0  4053.0  975.0
1.0  4053.0  976.0
1.0  4053.0 1044.0
1.0  4053.0  975.0
1.0  4053.0  975.0
1.0  4053.0  975.0
1.0  4053.0  983.0
1.0  4053.0  975.0
1.0  4053.0  975.0
0.0     1.0  114.0
1.0  4053.0  977.0
1.0  4053.0  975.0
1.0  4053.0  975.0
1.0  4053.0 1081.0
1.0  4053.0  975.0
1.0  4053.0  990.0
1.0  4053.0  975.0
1.0  4053.0  979.0
1.0  4053.0  975.0
0.0     9.0  338.0
1.0  4053.0  981.0
1.0  4053.0 1043.0
1.0  4053.0  977.0
0.0     4.0  224.0
1.0  4053.0 1059.0
1.0  4053.0 1130.0
1.0  4053.0  975.0
1.0  4053.0  975.0
1.0  4053.0  975.0
1.0  4053.0  975.0
1.0  4053.0 1120.0
1.0  4053.0  977.0
1.0  4053.0  975.0
1.0  4053.0  978.0
1.0  4053.0  975.0
1.0  4053.0 1051.0
1.0  4053.0  975.0
1.0  4053.0  975.0
1.0  4053.0  975.0
1.0  4053.0  975.0
1.0  4053.0  975.0
1.0  4053.0  975.0
1.0  4053.0  975.0
1.0  4053.0  975.0
1.0  4053.0  979.0
1.0  4053.0  977.0
1.0  4053.0  975.0
1.0  4053.0  975.0
1.0  4053.0  975.0
1.0  4053.0  975.0
1.0  4053.0  975.0
1.0  4053.0  975.0
1.0  4053.0  999.0
1.0  4053.0  975.0
1.0  4053.0  975.0
1.0  4053.0  975.0
1.0  4053.0  982.0
0.0     8.0  298.0
1.0  4053.0  982.0
1.0  4053.0  975.0
1.0  4053.0 1086.0
1.0  4053.0  975.0
1.0  4053.0  975.0
1.0  4053.0  975.0
1.0  4053.0  995.0
1.0  4053.0 1022.0
1.0  4053.0  975.0
1.0  4053.0  975.0
1.0  4053.0  978.0
1.0  4053.0  975.0
1.0  4053.0  975.0
1.0  4053.0  975.0
1.0  4053.0  975.0
1.0  4053.0  975.0
1.0  4053.0  985.0
0.0     2.0  151.0
1.0  4053.0 1204.0
1.0  4053.0  976.0
0.0    10.0  292.0
1.0  4053.0  975.0
1.0  4053.0  975.0
1.0  4053.0  975.0
1.0  4053.0  975.0
1.0  4053.0  976.0
1.0  4053.0  975.0
1.0  4053.0  975.0
1.0  4053.0  975.0
1.0  4053.0  975.0
1.0  4053.0  975.0
1.0  4053.0  993.0
1.0  4053.0  975.0
1.0  4053.0  975.0
1.0  4053.0  975.0
1.0  4053.0  975.0
1.0  4053.0  975.0
1.0  4053.0  975.0
0.0  2031.0  720.0
1.0  4053.0  979.0
1.0  4053.0  975.0
1.0  4053.0 1043.0
1.0  4053.0  975.0
1.0  4053.0  976.0
1.0  4053.0  975.0
1.0  4053.0  975.0
1.0  4053.0  991.0
1.0  4053.0  975.0
1.0  4053.0  975.0
1.0  4053.0 1108.0
1.0  4053.0  988.0
1.0  4053.0  977.0
1.0  4053.0  975.0
1.0  4053.0  975.0
1.0  4053.0 1040.0
0.0    14.0  387.0
1.0  4053.0  980.0
1.0  4053.0  975.0
1.0  4053.0  976.0
1.0  4053.0  975.0
1.0  4053.0  975.0
1.0  4053.0  975.0
1.0  4053.0 1401.0
1.0  4053.0  975.0
1.0  4053.0  975.0
1.0  4053.0  975.0
1.0  4053.0 1043.0
1.0  4053.0  975.0
1.0  4053.0  975.0
1.0  4053.0  988.0
1.0  4053.0  976.0
1.0  4053.0 1177.0
1.0  4053.0  975.0
1.0  4053.0 1004.0
1.0  4053.0 1081.0
1.0  4053.0  975.0
1.0  4053.0  975.0
1.0  4053.0 1379.0
1.0  4053.0  977.0
1.0  4053.0  975.0
1.0  4053.0  975.0
1.0  4053.0 1017.0
1.0  4053.0  975.0
1.0  4053.0  996.0
1.0  4053.0  975.0
1.0  4053.0  996.0
1.0  4053.0  975.0
1.0  4053.0  975.0
1.0  4053.0  975.0
1.0  4053.0  975.0
1.0  4053.0  975.0
