1.0  4053.0  975.0
1.0  4053.0  975.0
1.0  4053.0  975.0
1.0  4053.0  975.0
1.0  4053.0  975.0
1.0  4053.0  975.0
1.0  4053.0  975.0
1.0  4053.0  981.0
1.0  4053.0  975.0
1.0  4053.0 1002.0
1.0  4053.0  975.0
1.0  4053.0  975.0
1.0  4053.0  975.0
1.0  4053.0  975.0
1.0  4053.0  975.0
0.0     5.0  292.0
1.0  4053.0  975.0
1.0  4053.0  975.0
1.0  4053.0  975.0
1.0  4053.0  975.0
1.0  4053.0  975.0
0.0     2.0  197.0
1.0  4053.0  975.0
1.0  4053.0  975.0
1.0  4053.0  975.0
0.0    11.0  298.0
1.0  4053.0  975.0
1.0  4053.0  975.0
1.0  4053.0  975.0
1.0  4053.0  975.0
1.0  4053.0  977.0
0.0     3.0  246.0
1.0  4053.0  975.0
1.0  4053.0  975.0
1.0  4053.0  975.0
1.0  4053.0  975.0
1.0  4053.0  975.0
0.0     8.0  347.0
1.0  4053.0  975.0
1.0  4053.0  975.0
1.0  4053.0  975.0
1.0  4053.0  975.0
1.0  4053.0  975.0
1.0  4053.0  975.0
1.0  4053.0  975.0
1.0  4053.0  975.0
1.0  4053.0  975.0
1.0  4053.0  975.0
1.0  4053.0  975.0
1.0  4053.0  975.0
0.0    10.0  364.0
1.0  4053.0  975.0
1.0  4053.0  975.0
1.0  4053.0  975.0
1.0  4053.0  975.0
1.0  4053.0  975.0
1.0  4053.0  995.0
1.0  4053.0  975.0
1.0  4053.0  975.0
1.0  4053.0  975.0
1.0  4053.0  975.0
1.0  4053.0  975.0
0.0     8.0  312.0
1.0  4053.0  975.0
1.0  4053.0  975.0
1.0  4053.0  975.0
1.0  4053.0  975.0
1.0  4053.0  975.0
1.0  4053.0  975.0
1.0  4053.0  975.0
1.0  4053.0  975.0
1.0  4053.0  975.0
1.0  4053.0  975.0
1.0  4053.0  975.0
0.0     3.0  218.0
1.0  4053.0  975.0
1.0  4053.0  975.0
1.0  4053.0  975.0
1.0  4053.0  975.0
1.0  4053.0  975.0
1.0  4053.0  975.0
1.0  4053.0  975.0
0.0    11.0  304.0
0.0     3.0  252.0
1.0  4053.0  975.0
1.0  4053.0  975.0
0.0     8.0  292.0
1.0  4053.0  977.0
1.0  4053.0  975.0
1.0  4053.0  975.0
1.0  4053.0  975.0
0.0     5.0  206.0
1.0  4053.0  975.0
1.0  4053.0  975.0
1.0  4053.0  975.0
0.0    18.0  417.0
0.0    10.0  344.0
1.0  4053.0  975.0
1.0  4053.0  975.0
1.0  4053.0  975.0
1.0  4053.0  975.0
1.0  4053.0  975.0
1.0  4053.0  975.0
1.0  4053.0  975.0
1.0  4053.0  975.0
1.0  4053.0  975.0
1.0  4053.0  975.0
1.0  4053.0  975.0
1.0  4053.0  975.0
1.0  4053.0  975.0
1.0  4053.0  975.0
0.0     3.0  258.0
1.0  4053.0  975.0
1.0  4053.0  975.0
1.0  4053.0  975.0
1.0  4053.0  975.0
1.0  4053.0  976.0
1.0  4053.0  975.0
0.0    12.0  371.0
1.0  4053.0  975.0
1.0  4053.0  975.0
1.0  4053.0  975.0
1.0  4053.0  975.0
1.0  4053.0  975.0
1.0  4053.0  975.0
0.0     3.0  249.0
1.0  4053.0  975.0
1.0  4053.0  975.0
1.0  4053.0  975.0
1.0  4053.0  975.0
1.0  4053.0  975.0
1.0  4053.0  975.0
1.0  4053.0  975.0
1.0  4053.0  975.0
1.0  4053.0  975.0
1.0  4053.0  975.0
1.0  4053.0  975.0
1.0  4053.0  975.0
1.0  4053.0  975.0
1.0  4053.0  975.0
0.0     2.0  142.0
1.0  4053.0  975.0
1.0  4053.0  975.0
0.0     2.0  197.0
1.0  4053.0  975.0
1.0  4053.0  975.0
1.0  4053.0  975.0
1.0  4053.0  975.0
1.0  4053.0  975.0
1.0  4053.0  975.0
1.0  4053.0  975.0
1.0  4053.0  975.0
1.0  4053.0  975.0
1.0  4053.0  975.0
1.0  4053.0  976.0
1.0  4053.0  975.0
1.0  4053.0  975.0
1.0  4053.0  975.0
1.0  4053.0  975.0
1.0  4053.0  975.0
1.0  4053.0  975.0
0.0     4.0  249.0
1.0  4053.0  975.0
1.0  4053.0  975.0
1.0  4053.0  975.0
0.0     2.0  148.0
1.0  4053.0  975.0
1.0  4053.0  975.0
1.0  4053.0  975.0
1.0  4053.0  975.0
1.0  4053.0  975.0
1.0  4053.0  975.0
1.0  4053.0  975.0
1.0  4053.0  975.0
1.0  4053.0  975.0
0.0    12.0  429.0
1.0  4053.0  975.0
1.0  4053.0  975.0
1.0  4053.0  975.0
1.0  4053.0  975.0
1.0  4053.0  975.0
0.0     3.0  142.0
1.0  4053.0  975.0
1.0  4053.0  984.0
1.0  4053.0  975.0
1.0  4053.0  975.0
1.0  4053.0  975.0
0.0     4.0  316.0
1.0  4053.0  975.0
1.0  4053.0  975.0
1.0  4053.0  975.0
1.0  4053.0  975.0
1.0  4053.0  975.0
1.0  4053.0  975.0
1.0  4053.0  975.0
1.0  4053.0  975.0
0.0    15.0  429.0
1.0  4053.0  975.0
1.0  4053.0  975.0
1.0  4053.0  975.0
0.0     2.0  249.0
1.0  4053.0  975.0
1.0  4053.0  975.0
1.0  4053.0  975.0
1.0  4053.0  975.0
1.0  4053.0  975.0
1.0  4053.0  975.0
1.0  4053.0  975.0
1.0  4053.0  975.0
1.0  4053.0  975.0
1.0  4053.0  988.0
0.0    12.0  391.0
1.0  4053.0  975.0
1.0  4053.0  975.0
1.0  4053.0  975.0
1.0  4053.0  975.0
1.0  4053.0  975.0
1.0  4053.0  975.0
1.0  4053.0  975.0
1.0  4053.0  975.0
1.0  4053.0  975.0
1.0  4053.0  975.0
0.0     5.0  255.0
1.0  4053.0  975.0
1.0  4053.0  975.0
1.0  4053.0  975.0
1.0  4053.0  975.0
1.0  4053.0  975.0
1.0  4053.0  975.0
1.0  4053.0  975.0
1.0  4053.0  975.0
1.0  4053.0  975.0
1.0  4053.0  975.0
1.0  4053.0  975.0
1.0  4053.0  975.0
0.0    12.0  445.0
1.0  4053.0  975.0
1.0  4053.0  975.0
1.0  4053.0  975.0
1.0  4053.0  975.0
1.0  4053.0  975.0
1.0  4053.0  975.0
1.0  4053.0  975.0
1.0  4053.0  975.0
1.0  4053.0  975.0
0.0     6.0  243.0
1.0  4053.0  975.0
1.0  4053.0  975.0
1.0  4053.0  975.0
1.0  4053.0  975.0
1.0  4053.0  975.0
1.0  4053.0  975.0
1.0  4053.0  975.0
1.0  4053.0  975.0
1.0  4053.0  975.0
1.0  4053.0  977.0
1.0  4053.0  975.0
1.0  4053.0  975.0
1.0  4053.0  975.0
0.0     2.0  148.0
1.0  4053.0  975.0
0.0     3.0  197.0
1.0  4053.0  975.0
1.0  4053.0  975.0
0.0     2.0  120.0
1.0  4053.0  975.0
1.0  4053.0  975.0
1.0  4053.0  975.0
1.0  4053.0  975.0
1.0  4053.0  975.0
1.0  4053.0  975.0
1.0  4053.0  975.0
1.0  4053.0  975.0
1.0  4053.0  975.0
1.0  4053.0  975.0
1.0  4053.0  975.0
1.0  4053.0  975.0
1.0  4053.0  975.0
1.0  4053.0  975.0
1.0  4053.0  975.0
1.0  4053.0  975.0
0.0     5.0  200.0
1.0  4053.0  975.0
1.0  4053.0  975.0
1.0  4053.0  975.0
1.0  4053.0  975.0
1.0  4053.0  975.0
1.0  4053.0  975.0
0.0     6.0  252.0
1.0  4053.0  975.0
1.0  4053.0  975.0
1.0  4053.0  975.0
1.0  4053.0  975.0
1.0  4053.0  975.0
1.0  4053.0  975.0
1.0  4053.0  975.0
1.0  4053.0  975.0
0.0     4.0  172.0
1.0  4053.0  975.0
1.0  4053.0  975.0
1.0  4053.0  975.0
1.0  4053.0  975.0
1.0  4053.0  975.0
1.0  4053.0  975.0
1.0  4053.0  975.0
1.0  4053.0  975.0
1.0  4053.0  975.0
1.0  4053.0  975.0
0.0     6.0  338.0
1.0  4053.0  975.0
1.0  4053.0  975.0
1.0  4053.0  975.0
1.0  4053.0  973.0
1.0  4053.0  975.0
1.0  4053.0  975.0
1.0  4053.0  975.0
1.0  4053.0  975.0
1.0  4053.0  975.0
1.0  4053.0  975.0
1.0  4053.0  975.0
1.0  4053.0  975.0
0.0     7.0  298.0
1.0  4053.0  975.0
1.0  4053.0  975.0
1.0  4053.0  975.0
1.0  4053.0  975.0
1.0  4053.0  975.0
1.0  4053.0  975.0
1.0  4053.0  975.0
1.0  4053.0  975.0
1.0  4053.0  975.0
1.0  4053.0  975.0
1.0  4053.0  981.0
1.0  4053.0  975.0
1.0  4053.0  975.0
0.0     4.0  270.0
1.0  4053.0  982.0
1.0  4053.0  975.0
1.0  4053.0  975.0
1.0  4053.0  975.0
1.0  4053.0  975.0
1.0  4053.0  975.0
1.0  4053.0  975.0
1.0  4053.0  975.0
0.0     4.0  191.0
1.0  4053.0  975.0
1.0  4053.0  975.0
1.0  4053.0  975.0
1.0  4053.0  975.0
1.0  4053.0  975.0
0.0     5.0  292.0
0.0     2.0  151.0
0.0     6.0  289.0
1.0  4053.0  975.0
0.0     6.0  322.0
1.0  4053.0  975.0
1.0  4053.0  975.0
1.0  4053.0  975.0
1.0  4053.0  975.0
1.0  4053.0  975.0
1.0  4053.0  975.0
1.0  4053.0  975.0
1.0  4053.0  975.0
1.0  4053.0  975.0
0.0    10.0  368.0
1.0  4053.0  975.0
0.0     1.0  160.0
1.0  4053.0  975.0
1.0  4053.0  975.0
1.0  4053.0  975.0
1.0  4053.0  975.0
1.0  4053.0  975.0
0.0     4.0  246.0
1.0  4053.0  975.0
1.0  4053.0  975.0
1.0  4053.0  975.0
1.0  4053.0  975.0
1.0  4053.0  975.0
1.0  4053.0  975.0
1.0  4053.0  975.0
1.0  4053.0  975.0
1.0  4053.0  975.0
1.0  4053.0  975.0
1.0  4053.0  975.0
1.0  4053.0  975.0
1.0  4053.0  976.0
1.0  4053.0  975.0
1.0  4053.0  975.0
1.0  4053.0  975.0
1.0  4053.0  975.0
1.0  4053.0  975.0
1.0  4053.0  975.0
1.0  4053.0  975.0
1.0  4053.0  975.0
0.0     7.0  292.0
1.0  4053.0  975.0
1.0  4053.0  975.0
0.0     5.0  295.0
1.0  4053.0  975.0
1.0  4053.0  979.0
1.0  4053.0  975.0
1.0  4053.0  975.0
1.0  4053.0  975.0
1.0  4053.0  975.0
1.0  4053.0  975.0
1.0  4053.0  975.0
1.0  4053.0  975.0
1.0  4053.0  978.0
1.0  4053.0  975.0
1.0  4053.0  975.0
1.0  4053.0  975.0
1.0  4053.0  975.0
1.0  4053.0  975.0
1.0  4053.0  975.0
1.0  4053.0  975.0
1.0  4053.0  975.0
1.0  4053.0  975.0
1.0  4053.0  976.0
1.0  4053.0  975.0
0.0    12.0  344.0
1.0  4053.0  975.0
1.0  4053.0  975.0
1.0  4053.0  975.0
0.0     8.0  347.0
0.0     5.0  246.0
0.0     6.0  304.0
1.0  4053.0  975.0
1.0  4053.0  975.0
1.0  4053.0  975.0
1.0  4053.0  975.0
1.0  4053.0  975.0
1.0  4053.0  975.0
1.0  4053.0  975.0
1.0  4053.0  975.0
0.0     8.0  246.0
1.0  4053.0  975.0
1.0  4053.0  975.0
1.0  4053.0  975.0
0.0     4.0  243.0
1.0  4053.0  975.0
1.0  4053.0  975.0
1.0  4053.0  975.0
1.0  4053.0  975.0
1.0  4053.0  975.0
1.0  4053.0  988.0
1.0  4053.0  975.0
1.0  4053.0  975.0
1.0  4053.0  975.0
1.0  4053.0  975.0
1.0  4053.0  994.0
1.0  4053.0  975.0
1.0  4053.0  975.0
1.0  4053.0  975.0
0.0     8.0  350.0
1.0  4053.0  975.0
1.0  4053.0  975.0
1.0  4053.0  975.0
1.0  4053.0  975.0
1.0  4053.0  975.0
1.0  4053.0  975.0
1.0  4053.0  975.0
1.0  4053.0  975.0
1.0  4053.0  975.0
1.0  4053.0  975.0
0.0     3.0  252.0
1.0  4053.0  975.0
1.0  4053.0  975.0
1.0  4053.0  975.0
1.0  4053.0  975.0
0.0     5.0  243.0
1.0  4053.0  975.0
1.0  4053.0  975.0
1.0  4053.0  975.0
1.0  4053.0  975.0
1.0  4053.0  975.0
1.0  4053.0  975.0
1.0  4053.0  975.0
1.0  4053.0  975.0
1.0  4053.0  982.0
1.0  4053.0  975.0
1.0  4053.0  975.0
1.0  4053.0  975.0
0.0     8.0  318.0
1.0  4053.0  975.0
1.0  4053.0  975.0
1.0  4053.0  975.0
1.0  4053.0  976.0
1.0  4053.0  975.0
1.0  4053.0  975.0
1.0  4053.0  975.0
1.0  4053.0  975.0
1.0  4053.0  975.0
1.0  4053.0  975.0
1.0  4053.0  975.0
1.0  4053.0  975.0
1.0  4053.0  975.0
1.0  4053.0  975.0
1.0  4053.0  975.0
1.0  4053.0  975.0
1.0  4053.0  975.0
1.0  4053.0  975.0
1.0  4053.0  975.0
1.0  4053.0  975.0
0.0     4.0  197.0
1.0  4053.0  975.0
1.0  4053.0  975.0
1.0  4053.0  975.0
1.0  4053.0  975.0
0.0     4.0  258.0
1.0  4053.0  975.0
1.0  4053.0  975.0
1.0  4053.0  975.0
1.0  4053.0  975.0
1.0  4053.0  975.0
1.0  4053.0  976.0
1.0  4053.0  975.0
1.0  4053.0  975.0
1.0  4053.0  975.0
1.0  4053.0  975.0
1.0  4053.0  975.0
1.0  4053.0  975.0
1.0  4053.0  975.0
0.0     8.0  279.0
1.0  4053.0  975.0
1.0  4053.0  975.0
1.0  4053.0  975.0
1.0  4053.0  975.0
1.0  4053.0  975.0
1.0  4053.0  975.0
1.0  4053.0  975.0
1.0  4053.0  975.0
0.0     7.0  298.0
1.0  4053.0  975.0
1.0  4053.0  975.0
0.0    10.0  381.0
1.0  4053.0  975.0
1.0  4053.0  975.0
1.0  4053.0  975.0
0.0    11.0  358.0
1.0  4053.0  975.0
1.0  4053.0  975.0
1.0  4053.0  975.0
1.0  4053.0  975.0
1.0  4053.0  975.0
1.0  4053.0  975.0
1.0  4053.0  975.0
1.0  4053.0  975.0
0.0     7.0  310.0
1.0  4053.0  975.0
0.0     2.0  224.0
1.0  4053.0  975.0
1.0  4053.0  976.0
1.0  4053.0  975.0
1.0  4053.0  975.0
1.0  4053.0  975.0
1.0  4053.0  975.0
1.0  4053.0  975.0
1.0  4053.0  975.0
1.0  4053.0  975.0
1.0  4053.0  975.0
0.0     3.0  197.0
1.0  4053.0  975.0
1.0  4053.0  975.0
1.0  4053.0  975.0
1.0  4053.0  975.0
1.0  4053.0  975.0
0.0    11.0  308.0
1.0  4053.0  975.0
1.0  4053.0  975.0
1.0  4053.0  975.0
1.0  4053.0  975.0
1.0  4053.0  975.0
1.0  4053.0  975.0
1.0  4053.0  975.0
1.0  4053.0  975.0
0.0     9.0  310.0
1.0  4053.0  975.0
1.0  4053.0  975.0
1.0  4053.0  975.0
1.0  4053.0  975.0
1.0  4053.0  975.0
1.0  4053.0  975.0
1.0  4053.0  975.0
1.0  4053.0  975.0
1.0  4053.0  975.0
0.0     4.0  249.0
1.0  4053.0  975.0
1.0  4053.0  975.0
1.0  4053.0 1042.0
0.0     6.0  292.0
1.0  4053.0  975.0
1.0  4053.0  975.0
1.0  4053.0  975.0
1.0  4053.0  975.0
1.0  4053.0  975.0
1.0  4053.0  975.0
1.0  4053.0  975.0
1.0  4053.0  975.0
0.0     3.0  151.0
1.0  4053.0  975.0
1.0  4053.0  975.0
1.0  4053.0  975.0
1.0  4053.0  975.0
1.0  4053.0  975.0
1.0  4053.0  975.0
1.0  4053.0  975.0
1.0  4053.0  975.0
1.0  4053.0  975.0
1.0  4053.0  975.0
1.0  4053.0 1033.0
1.0  4053.0  975.0
1.0  4053.0  975.0
1.0  4053.0  975.0
1.0  4053.0  975.0
0.0     6.0  301.0
1.0  4053.0  975.0
1.0  4053.0  975.0
1.0  4053.0  975.0
1.0  4053.0  975.0
1.0  4053.0  975.0
1.0  4053.0  987.0
1.0  4053.0  975.0
1.0  4053.0  975.0
1.0  4053.0  975.0
1.0  4053.0  975.0
1.0  4053.0  975.0
1.0  4053.0  975.0
1.0  4053.0  975.0
1.0  4053.0  976.0
1.0  4053.0  975.0
1.0  4053.0  975.0
1.0  4053.0  975.0
1.0  4053.0  975.0
0.0    14.0  391.0
1.0  4053.0  975.0
0.0     3.0  258.0
1.0  4053.0  975.0
1.0  4053.0  975.0
1.0  4053.0  975.0
0.0    14.0  417.0
1.0  4053.0  975.0
1.0  4053.0  975.0
1.0  4053.0  975.0
1.0  4053.0  976.0
1.0  4053.0  975.0
1.0  4053.0  975.0
1.0  4053.0  975.0
1.0  4053.0  975.0
1.0  4053.0  975.0
1.0  4053.0  975.0
1.0  4053.0  975.0
1.0  4053.0  975.0
1.0  4053.0  975.0
1.0  4053.0  975.0
1.0  4053.0  975.0
0.0     2.0  145.0
0.0     6.0  252.0
1.0  4053.0  975.0
1.0  4053.0  975.0
1.0  4053.0  977.0
0.0     4.0  203.0
1.0  4053.0  975.0
1.0  4053.0  975.0
1.0  4053.0  975.0
1.0  4053.0  975.0
1.0  4053.0  975.0
1.0  4053.0  975.0
1.0  4053.0  975.0
1.0  4053.0  975.0
1.0  4053.0  975.0
1.0  4053.0  975.0
1.0  4053.0  975.0
1.0  4053.0  975.0
1.0  4053.0  975.0
1.0  4053.0  975.0
1.0  4053.0  975.0
0.0     7.0  308.0
0.0     5.0  301.0
1.0  4053.0  975.0
1.0  4053.0  975.0
1.0  4053.0  975.0
1.0  4053.0  975.0
1.0  4053.0  975.0
1.0  4053.0  975.0
1.0  4053.0  975.0
1.0  4053.0  975.0
1.0  4053.0  975.0
1.0  4053.0  975.0
1.0  4053.0  975.0
0.0     3.0  148.0
1.0  4053.0  975.0
0.0    12.0  377.0
1.0  4053.0  975.0
1.0  4053.0  975.0
1.0  4053.0  975.0
1.0  4053.0  975.0
1.0  4053.0  975.0
1.0  4053.0  975.0
1.0  4053.0  975.0
1.0  4053.0  975.0
1.0  4053.0  975.0
1.0  4053.0  975.0
1.0  4053.0  975.0
1.0  4053.0  975.0
1.0  4053.0  975.0
1.0  4053.0  975.0
1.0  4053.0  975.0
1.0  4053.0  975.0
1.0  4053.0  975.0
1.0  4053.0  975.0
1.0  4053.0  975.0
1.0  4053.0  975.0
1.0  4053.0  975.0
1.0  4053.0  975.0
1.0  4053.0  975.0
1.0  4053.0  975.0
1.0  4053.0  975.0
0.0     6.0  292.0
1.0  4053.0  975.0
1.0  4053.0  975.0
1.0  4053.0  975.0
1.0  4053.0  975.0
0.0     4.0  279.0
1.0  4053.0  975.0
1.0  4053.0  975.0
1.0  4053.0  975.0
1.0  4053.0  975.0
1.0  4053.0  975.0
1.0  4053.0  975.0
1.0  4053.0  975.0
0.0     5.0  212.0
1.0  4053.0  975.0
1.0  4053.0  975.0
0.0     4.0  172.0
1.0  4053.0  975.0
1.0  4053.0  975.0
1.0  4053.0  975.0
1.0  4053.0  975.0
1.0  4053.0  975.0
1.0  4053.0  975.0
1.0  4053.0  975.0
1.0  4053.0  975.0
1.0  4053.0  975.0
0.0     3.0  218.0
1.0  4053.0  975.0
1.0  4053.0  975.0
1.0  4053.0  975.0
1.0  4053.0  975.0
1.0  4053.0  975.0
1.0  4053.0  975.0
1.0  4053.0  975.0
1.0  4053.0  975.0
1.0  4053.0  975.0
1.0  4053.0  975.0
1.0  4053.0  975.0
1.0  4053.0  975.0
1.0  4053.0  975.0
1.0  4053.0  975.0
1.0  4053.0  975.0
1.0  4053.0  975.0
1.0  4053.0  975.0
1.0  4053.0  975.0
1.0  4053.0  975.0
1.0  4053.0  975.0
1.0  4053.0  975.0
1.0  4053.0  975.0
1.0  4053.0  975.0
1.0  4053.0  975.0
1.0  4053.0  975.0
1.0  4053.0  975.0
1.0  4053.0  975.0
0.0     8.0  341.0
1.0  4053.0  975.0
1.0  4053.0  975.0
1.0  4053.0  975.0
1.0  4053.0  975.0
1.0  4053.0  975.0
0.0     5.0  258.0
0.0     7.0  292.0
0.0    11.0  350.0
1.0  4053.0  975.0
1.0  4053.0  975.0
1.0  4053.0  977.0
1.0  4053.0  975.0
1.0  4053.0  975.0
1.0  4053.0  975.0
1.0  4053.0  975.0
1.0  4053.0  975.0
1.0  4053.0  975.0
1.0  4053.0  975.0
1.0  4053.0  975.0
1.0  4053.0  975.0
1.0  4053.0  975.0
1.0  4053.0  975.0
1.0  4053.0  975.0
1.0  4053.0  975.0
1.0  4053.0  975.0
1.0  4053.0  975.0
1.0  4053.0  975.0
1.0  4053.0  975.0
0.0     7.0  344.0
1.0  4053.0  975.0
1.0  4053.0  975.0
1.0  4053.0  975.0
1.0  4053.0  975.0
1.0  4053.0  975.0
1.0  4053.0  975.0
1.0  4053.0  975.0
0.0    10.0  292.0
1.0  4053.0  975.0
1.0  4053.0  975.0
1.0  4053.0  975.0
1.0  4053.0  978.0
1.0  4053.0 1112.0
1.0  4053.0  975.0
1.0  4053.0  975.0
1.0  4053.0  975.0
0.0     4.0  191.0
1.0  4053.0  975.0
1.0  4053.0  975.0
1.0  4053.0  975.0
1.0  4053.0  975.0
1.0  4053.0  975.0
1.0  4053.0  975.0
0.0  1020.0  494.0
0.0     5.0  258.0
1.0  4053.0  975.0
1.0  4053.0  975.0
1.0  4053.0  975.0
1.0  4053.0  975.0
1.0  4053.0  975.0
1.0  4053.0  975.0
1.0  4053.0  975.0
1.0  4053.0  975.0
1.0  4053.0  975.0
1.0  4053.0  975.0
1.0  4053.0  988.0
1.0  4053.0  975.0
1.0  4053.0  975.0
1.0  4053.0  975.0
1.0  4053.0  975.0
1.0  4053.0  975.0
1.0  4053.0  975.0
1.0  4053.0  975.0
1.0  4053.0  975.0
1.0  4053.0  975.0
1.0  4053.0  975.0
1.0  4053.0  975.0
1.0  4053.0  975.0
1.0  4053.0  975.0
1.0  4053.0  975.0
1.0  4053.0  975.0
1.0  4053.0  975.0
0.0    11.0  384.0
1.0  4053.0  975.0
1.0  4053.0  975.0
1.0  4053.0  975.0
1.0  4053.0  975.0
1.0  4053.0  975.0
1.0  4053.0  975.0
1.0  4053.0  975.0
1.0  4053.0  975.0
1.0  4053.0  975.0
1.0  4053.0  975.0
1.0  4053.0  975.0
0.0     3.0  243.0
1.0  4053.0  975.0
1.0  4053.0  975.0
1.0  4053.0  975.0
1.0  4053.0  975.0
1.0  4053.0  975.0
1.0  4053.0  975.0
1.0  4053.0  975.0
1.0  4053.0  975.0
1.0  4053.0  975.0
0.0     4.0  258.0
1.0  4053.0  975.0
0.0     4.0  154.0
1.0  4053.0  975.0
1.0  4053.0  975.0
1.0  4053.0  977.0
1.0  4053.0  975.0
1.0  4053.0  975.0
1.0  4053.0  975.0
1.0  4053.0  975.0
1.0  4053.0  975.0
1.0  4053.0  975.0
1.0  4053.0  975.0
1.0  4053.0  975.0
1.0  4053.0  975.0
1.0  4053.0  975.0
1.0  4053.0  975.0
0.0     4.0  148.0
1.0  4053.0  975.0
1.0  4053.0  975.0
0.0     3.0  203.0
1.0  4053.0  975.0
1.0  4053.0  975.0
1.0  4053.0  975.0
1.0  4053.0  977.0
1.0  4053.0  975.0
1.0  4053.0  975.0
1.0  4053.0  975.0
1.0  4053.0  975.0
1.0  4053.0  975.0
1.0  4053.0  975.0
1.0  4053.0  975.0
1.0  4053.0  975.0
1.0  4053.0  975.0
1.0  4053.0  975.0
1.0  4053.0  975.0
1.0  4053.0  975.0
1.0  4053.0  975.0
1.0  4053.0  975.0
1.0  4053.0  975.0
1.0  4053.0  975.0
1.0  4053.0  975.0
1.0  4053.0  975.0
1.0  4053.0  975.0
1.0  4053.0  975.0
1.0  4053.0  975.0
1.0  4053.0  975.0
1.0  4053.0  975.0
0.0    10.0  298.0
1.0  4053.0  975.0
1.0  4053.0  975.0
1.0  4053.0  975.0
1.0  4053.0  975.0
1.0  4053.0  975.0
1.0  4053.0  975.0
1.0  4053.0  975.0
1.0  4053.0  975.0
1.0  4053.0  975.0
1.0  4053.0  975.0
0.0     4.0  172.0
1.0  4053.0  975.0
1.0  4053.0  975.0
1.0  4053.0  975.0
1.0  4053.0  975.0
1.0  4053.0  975.0
1.0  4053.0  975.0
1.0  4053.0  975.0
1.0  4053.0  975.0
1.0  4053.0 1004.0
1.0  4053.0  975.0
1.0  4053.0  975.0
1.0  4053.0  975.0
1.0  4053.0  993.0
1.0  4053.0  975.0
0.0     7.0  292.0
1.0  4053.0  975.0
1.0  4053.0  975.0
0.0    12.0  384.0
1.0  4053.0  992.0
1.0  4053.0  975.0
1.0  4053.0  975.0
1.0  4053.0  975.0
1.0  4053.0  975.0
1.0  4053.0  975.0
1.0  4053.0  975.0
1.0  4053.0  975.0
1.0  4053.0  975.0
1.0  4053.0  975.0
1.0  4053.0  975.0
0.0     9.0  384.0
1.0  4053.0  975.0
1.0  4053.0  975.0
1.0  4053.0  975.0
1.0  4053.0  975.0
1.0  4053.0  975.0
1.0  4053.0  975.0
1.0  4053.0  975.0
1.0  4053.0  975.0
1.0  4053.0  975.0
1.0  4053.0  975.0
1.0  4053.0  975.0
1.0  4053.0  975.0
1.0  4053.0  975.0
0.0     2.0  197.0
1.0  4053.0  975.0
1.0  4053.0  975.0
1.0  4053.0  975.0
1.0  4053.0  975.0
1.0  4053.0  975.0
0.0     7.0  292.0
1.0  4053.0  975.0
1.0  4053.0  975.0
0.0     5.0  322.0
1.0  4053.0  975.0
1.0  4053.0  975.0
1.0  4053.0  975.0
1.0  4053.0  975.0
1.0  4053.0  975.0
1.0  4053.0  975.0
0.0     3.0  212.0
1.0  4053.0  975.0
1.0  4053.0  975.0
1.0  4053.0  975.0
1.0  4053.0  975.0
1.0  4053.0  975.0
