1.0  4053.0  975.0
1.0  4053.0  975.0
1.0  4053.0  975.0
1.0  4053.0  975.0
0.0     3.0  151.0
1.0  4053.0  975.0
1.0  4053.0  975.0
1.0  4053.0  975.0
1.0  4053.0  975.0
1.0  4053.0  975.0
1.0  4053.0  975.0
1.0  4053.0  975.0
1.0  4053.0  975.0
0.0     5.0  312.0
1.0  4053.0  975.0
1.0  4053.0  975.0
1.0  4053.0  975.0
1.0  4053.0  975.0
1.0  4053.0  975.0
1.0  4053.0  975.0
1.0  4053.0  975.0
1.0  4053.0  975.0
0.0    11.0  399.0
0.0     1.0  105.0
1.0  4053.0  975.0
0.0     3.0  194.0
1.0  4053.0  975.0
1.0  4053.0  975.0
1.0  4053.0  975.0
1.0  4053.0  975.0
1.0  4053.0  975.0
1.0  4053.0  975.0
1.0  4053.0  975.0
1.0  4053.0  975.0
1.0  4053.0  975.0
1.0  4053.0  975.0
1.0  4053.0  975.0
1.0  4053.0  975.0
1.0  4053.0  975.0
1.0  4053.0  975.0
1.0  4053.0  975.0
1.0  4053.0  975.0
1.0  4053.0  975.0
1.0  4053.0  975.0
1.0  4053.0  975.0
1.0  4053.0  975.0
1.0  4053.0  988.0
1.0  4053.0  975.0
1.0  4053.0  975.0
1.0  4053.0  975.0
1.0  4053.0  975.0
1.0  4053.0  975.0
1.0  4053.0  975.0
1.0  4053.0  975.0
1.0  4053.0  975.0
1.0  4053.0  975.0
1.0  4053.0  975.0
1.0  4053.0  975.0
1.0  4053.0  975.0
1.0  4053.0  975.0
1.0  4053.0  975.0
1.0  4053.0  975.0
1.0  4053.0  975.0
0.0     5.0  258.0
1.0  4053.0  975.0
1.0  4053.0  975.0
1.0  4053.0  976.0
1.0  4053.0  975.0
1.0  4053.0  975.0
1.0  4053.0  975.0
1.0  4053.0  975.0
1.0  4053.0  975.0
1.0  4053.0  975.0
1.0  4053.0  975.0
1.0  4053.0  975.0
1.0  4053.0  975.0
1.0  4053.0  975.0
1.0  4053.0  975.0
1.0  4053.0  975.0
1.0  4053.0  975.0
1.0  4053.0  975.0
1.0  4053.0  975.0
1.0  4053.0  975.0
1.0  4053.0  975.0
1.0  4053.0  975.0
0.0     4.0  212.0
1.0  4053.0  975.0
1.0  4053.0  975.0
1.0  4053.0  975.0
1.0  4053.0  975.0
1.0  4053.0  975.0
1.0  4053.0  975.0
1.0  4053.0  975.0
1.0  4053.0  975.0
1.0  4053.0  975.0
1.0  4053.0  975.0
1.0  4053.0  975.0
1.0  4053.0  976.0
1.0  4053.0  975.0
1.0  4053.0  975.0
0.0     3.0  260.0
1.0  4053.0  975.0
1.0  4053.0  978.0
1.0  4053.0  975.0
1.0  4053.0  975.0
1.0  4053.0  975.0
1.0  4053.0  975.0
1.0  4053.0  975.0
1.0  4053.0  975.0
1.0  4053.0  975.0
1.0  4053.0  975.0
1.0  4053.0  975.0
1.0  4053.0  975.0
1.0  4053.0  975.0
1.0  4053.0  975.0
1.0  4053.0  975.0
0.0     5.0  301.0
1.0  4053.0  975.0
1.0  4053.0  975.0
1.0  4053.0  975.0
1.0  4053.0  975.0
1.0  4053.0  975.0
1.0  4053.0  975.0
1.0  4053.0  975.0
1.0  4053.0  975.0
1.0  4053.0  975.0
1.0  4053.0  975.0
1.0  4053.0  975.0
1.0  4053.0  975.0
1.0  4053.0  975.0
1.0  4053.0  975.0
1.0  4053.0  975.0
1.0  4053.0  975.0
1.0  4053.0  975.0
1.0  4053.0  975.0
1.0  4053.0  975.0
1.0  4053.0  975.0
1.0  4053.0  975.0
1.0  4053.0  975.0
0.0    17.0  454.0
1.0  4053.0  975.0
1.0  4053.0  975.0
1.0  4053.0  975.0
0.0    10.0  344.0
1.0  4053.0  975.0
1.0  4053.0  975.0
1.0  4053.0  975.0
1.0  4053.0  992.0
1.0  4053.0  975.0
1.0  4053.0  975.0
1.0  4053.0  975.0
1.0  4053.0  975.0
1.0  4053.0  975.0
1.0  4053.0  975.0
1.0  4053.0  975.0
0.0     4.0  260.0
1.0  4053.0  975.0
1.0  4053.0  975.0
1.0  4053.0  975.0
1.0  4053.0  975.0
1.0  4053.0  975.0
1.0  4053.0  975.0
1.0  4053.0  975.0
1.0  4053.0  975.0
0.0     3.0  295.0
1.0  4053.0  975.0
1.0  4053.0  975.0
1.0  4053.0  975.0
0.0     9.0  391.0
1.0  4053.0  975.0
1.0  4053.0  975.0
0.0     4.0  258.0
1.0  4053.0  975.0
1.0  4053.0  975.0
1.0  4053.0  975.0
1.0  4053.0  975.0
1.0  4053.0  975.0
1.0  4053.0  975.0
1.0  4053.0  975.0
1.0  4053.0  975.0
1.0  4053.0  975.0
0.0     8.0  344.0
1.0  4053.0  975.0
1.0  4053.0  975.0
0.0     1.0  105.0
1.0  4053.0  975.0
1.0  4053.0  975.0
1.0  4053.0  975.0
1.0  4053.0  975.0
1.0  4053.0  975.0
1.0  4053.0  975.0
1.0  4053.0  975.0
1.0  4053.0  975.0
1.0  4053.0  975.0
1.0  4053.0  975.0
1.0  4053.0  975.0
1.0  4053.0  975.0
1.0  4053.0  975.0
1.0  4053.0  975.0
1.0  4053.0  975.0
1.0  4053.0  975.0
1.0  4053.0  975.0
1.0  4053.0  975.0
1.0  4053.0  975.0
1.0  4053.0  975.0
0.0     5.0  258.0
1.0  4053.0  975.0
1.0  4053.0  975.0
1.0  4053.0  975.0
1.0  4053.0  975.0
0.0     2.0  102.0
1.0  4053.0  975.0
1.0  4053.0  975.0
1.0  4053.0  975.0
1.0  4053.0  975.0
1.0  4053.0  975.0
0.0     7.0  248.0
1.0  4053.0  975.0
1.0  4053.0  975.0
1.0  4053.0  975.0
1.0  4053.0  975.0
1.0  4053.0  975.0
1.0  4053.0  975.0
1.0  4053.0  975.0
1.0  4053.0  975.0
1.0  4053.0  975.0
1.0  4053.0  975.0
1.0  4053.0  975.0
0.0     9.0  272.0
1.0  4053.0  975.0
1.0  4053.0  975.0
1.0  4053.0  975.0
1.0  4053.0  975.0
0.0     3.0  197.0
1.0  4053.0  975.0
1.0  4053.0  975.0
1.0  4053.0  975.0
1.0  4053.0  978.0
1.0  4053.0  975.0
1.0  4053.0  975.0
1.0  4053.0  975.0
1.0  4053.0  975.0
1.0  4053.0  975.0
0.0     2.0  191.0
1.0  4053.0  975.0
1.0  4053.0  976.0
1.0  4053.0  975.0
1.0  4053.0  975.0
1.0  4053.0  975.0
1.0  4053.0  975.0
0.0     2.0  151.0
0.0     4.0  304.0
1.0  4053.0  975.0
1.0  4053.0  975.0
1.0  4053.0  975.0
1.0  4053.0  975.0
1.0  4053.0  975.0
1.0  4053.0  975.0
1.0  4053.0  975.0
1.0  4053.0  975.0
1.0  4053.0  975.0
0.0     6.0  258.0
1.0  4053.0  975.0
1.0  4053.0  975.0
0.0    19.0  560.0
1.0  4053.0  975.0
1.0  4053.0  975.0
1.0  4053.0  975.0
0.0     6.0  310.0
1.0  4053.0  975.0
1.0  4053.0  975.0
1.0  4053.0  975.0
1.0  4053.0  975.0
1.0  4053.0  975.0
0.0    10.0  377.0
1.0  4053.0  975.0
1.0  4053.0  975.0
1.0  4053.0  975.0
1.0  4053.0  975.0
0.0     2.0  224.0
1.0  4053.0  975.0
1.0  4053.0  975.0
1.0  4053.0  975.0
1.0  4053.0  975.0
1.0  4053.0  975.0
1.0  4053.0  975.0
1.0  4053.0  975.0
1.0  4053.0  975.0
1.0  4053.0  975.0
0.0    15.0  443.0
1.0  4053.0  975.0
1.0  4053.0  975.0
1.0  4053.0  975.0
1.0  4053.0  975.0
1.0  4053.0  975.0
1.0  4053.0  975.0
1.0  4053.0  975.0
1.0  4053.0  975.0
1.0  4053.0  975.0
1.0  4053.0  975.0
1.0  4053.0  975.0
1.0  4053.0  975.0
1.0  4053.0  975.0
1.0  4053.0  975.0
1.0  4053.0  975.0
1.0  4053.0  975.0
1.0  4053.0  975.0
1.0  4053.0  975.0
1.0  4053.0  975.0
0.0     9.0  374.0
1.0  4053.0  975.0
1.0  4053.0  975.0
1.0  4053.0  975.0
1.0  4053.0  975.0
1.0  4053.0  975.0
1.0  4053.0  975.0
1.0  4053.0  975.0
1.0  4053.0  975.0
1.0  4053.0  975.0
1.0  4053.0  975.0
1.0  4053.0  975.0
1.0  4053.0  975.0
1.0  4053.0  975.0
1.0  4053.0  975.0
1.0  4053.0  975.0
1.0  4053.0  975.0
1.0  4053.0  975.0
1.0  4053.0  975.0
1.0  4053.0  975.0
1.0  4053.0  975.0
1.0  4053.0  975.0
1.0  4053.0  975.0
1.0  4053.0  975.0
1.0  4053.0  975.0
1.0  4053.0  975.0
1.0  4053.0  975.0
1.0  4053.0  975.0
1.0  4053.0  975.0
1.0  4053.0  975.0
1.0  4053.0  975.0
1.0  4053.0  975.0
1.0  4053.0  975.0
1.0  4053.0  975.0
1.0  4053.0  975.0
1.0  4053.0  975.0
0.0     3.0  218.0
1.0  4053.0  975.0
1.0  4053.0  975.0
1.0  4053.0  975.0
1.0  4053.0  975.0
1.0  4053.0  975.0
1.0  4053.0  975.0
1.0  4053.0  975.0
1.0  4053.0  975.0
1.0  4053.0  975.0
1.0  4053.0  975.0
1.0  4053.0  975.0
1.0  4053.0  975.0
1.0  4053.0  977.0
0.0     5.0  258.0
1.0  4053.0  975.0
1.0  4053.0  975.0
1.0  4053.0  975.0
1.0  4053.0  975.0
1.0  4053.0  975.0
1.0  4053.0  975.0
1.0  4053.0  975.0
1.0  4053.0  975.0
0.0    15.0  479.0
1.0  4053.0  975.0
1.0  4053.0  975.0
1.0  4053.0  977.0
1.0  4053.0  975.0
1.0  4053.0  975.0
1.0  4053.0  975.0
1.0  4053.0  975.0
1.0  4053.0  975.0
1.0  4053.0  975.0
1.0  4053.0  976.0
1.0  4053.0  975.0
1.0  4053.0  975.0
1.0  4053.0  975.0
1.0  4053.0  975.0
1.0  4053.0  975.0
1.0  4053.0  975.0
1.0  4053.0  975.0
1.0  4053.0  976.0
1.0  4053.0  975.0
1.0  4053.0  975.0
1.0  4053.0  975.0
0.0     3.0  148.0
1.0  4053.0  975.0
1.0  4053.0  975.0
1.0  4053.0  975.0
1.0  4053.0  975.0
1.0  4053.0  975.0
0.0     1.0  105.0
1.0  4053.0  975.0
1.0  4053.0  975.0
1.0  4053.0  975.0
1.0  4053.0  975.0
1.0  4053.0  975.0
1.0  4053.0  975.0
1.0  4053.0  975.0
1.0  4053.0  975.0
1.0  4053.0  975.0
1.0  4053.0  975.0
1.0  4053.0  975.0
1.0  4053.0  975.0
1.0  4053.0  975.0
1.0  4053.0  975.0
1.0  4053.0  975.0
1.0  4053.0  975.0
1.0  4053.0  975.0
1.0  4053.0  975.0
0.0    13.0  444.0
1.0  4053.0  975.0
1.0  4053.0  975.0
1.0  4053.0  975.0
1.0  4053.0  975.0
1.0  4053.0  975.0
1.0  4053.0  975.0
1.0  4053.0  975.0
1.0  4053.0  975.0
1.0  4053.0  975.0
1.0  4053.0  975.0
1.0  4053.0  975.0
1.0  4053.0  975.0
1.0  4053.0  975.0
1.0  4053.0  975.0
1.0  4053.0  975.0
1.0  4053.0  975.0
1.0  4053.0  975.0
1.0  4053.0  975.0
1.0  4053.0  975.0
0.0    12.0  358.0
1.0  4053.0  975.0
1.0  4053.0  975.0
1.0  4053.0  975.0
1.0  4053.0  975.0
1.0  4053.0  975.0
1.0  4053.0  975.0
1.0  4053.0  975.0
1.0  4053.0  975.0
1.0  4053.0  975.0
1.0  4053.0  975.0
1.0  4053.0  975.0
1.0  4053.0  975.0
1.0  4053.0  975.0
1.0  4053.0  975.0
1.0  4053.0  975.0
1.0  4053.0  975.0
0.0     3.0  255.0
1.0  4053.0  975.0
1.0  4053.0  975.0
0.0     6.0  246.0
1.0  4053.0  975.0
1.0  4053.0  975.0
1.0  4053.0  975.0
1.0  4053.0  975.0
1.0  4053.0  975.0
1.0  4053.0  975.0
1.0  4053.0  975.0
1.0  4053.0  975.0
1.0  4053.0  975.0
1.0  4053.0  975.0
1.0  4053.0  975.0
1.0  4053.0  975.0
1.0  4053.0  975.0
1.0  4053.0  975.0
1.0  4053.0  975.0
1.0  4053.0  975.0
1.0  4053.0  975.0
1.0  4053.0  975.0
1.0  4053.0  975.0
1.0  4053.0  975.0
1.0  4053.0  975.0
1.0  4053.0  975.0
1.0  4053.0  975.0
1.0  4053.0  975.0
1.0  4053.0  975.0
1.0  4053.0  975.0
1.0  4053.0  975.0
1.0  4053.0  975.0
1.0  4053.0  975.0
0.0     8.0  381.0
1.0  4053.0  975.0
1.0  4053.0  975.0
1.0  4053.0  975.0
1.0  4053.0  975.0
1.0  4053.0  976.0
0.0     8.0  344.0
1.0  4053.0  975.0
1.0  4053.0  975.0
1.0  4053.0  975.0
1.0  4053.0  975.0
1.0  4053.0  975.0
1.0  4053.0  975.0
1.0  4053.0  975.0
1.0  4053.0  975.0
1.0  4053.0  975.0
1.0  4053.0  975.0
1.0  4053.0  975.0
1.0  4053.0  975.0
0.0    14.0  381.0
1.0  4053.0  975.0
0.0     2.0  203.0
1.0  4053.0  975.0
1.0  4053.0  975.0
1.0  4053.0  975.0
1.0  4053.0  975.0
1.0  4053.0  975.0
1.0  4053.0  975.0
1.0  4053.0  975.0
0.0     4.0  246.0
1.0  4053.0  975.0
1.0  4053.0  975.0
1.0  4053.0  975.0
1.0  4053.0  975.0
1.0  4053.0  975.0
1.0  4053.0  975.0
1.0  4053.0  975.0
1.0  4053.0  975.0
1.0  4053.0  975.0
0.0     4.0  224.0
1.0  4053.0  975.0
0.0    18.0  488.0
1.0  4053.0  975.0
1.0  4053.0  975.0
1.0  4053.0  975.0
0.0     9.0  338.0
0.0     6.0  341.0
1.0  4053.0  975.0
1.0  4053.0  975.0
0.0    10.0  344.0
0.0     5.0  292.0
1.0  4053.0  975.0
1.0  4053.0  975.0
1.0  4053.0  975.0
0.0     6.0  304.0
0.0     6.0  246.0
1.0  4053.0  975.0
1.0  4053.0  975.0
1.0  4053.0  975.0
1.0  4053.0  975.0
1.0  4053.0  975.0
1.0  4053.0  975.0
1.0  4053.0  975.0
1.0  4053.0  975.0
1.0  4053.0  975.0
1.0  4053.0  975.0
1.0  4053.0  975.0
1.0  4053.0  975.0
1.0  4053.0  975.0
1.0  4053.0  975.0
1.0  4053.0  975.0
1.0  4053.0  975.0
1.0  4053.0  975.0
1.0  4053.0  975.0
1.0  4053.0  975.0
1.0  4053.0  975.0
1.0  4053.0  975.0
1.0  4053.0  975.0
1.0  4053.0  975.0
0.0     6.0  306.0
1.0  4053.0  975.0
1.0  4053.0  975.0
1.0  4053.0  975.0
1.0  4053.0  975.0
1.0  4053.0  975.0
1.0  4053.0  975.0
0.0     7.0  264.0
1.0  4053.0  975.0
1.0  4053.0  975.0
1.0  4053.0  975.0
1.0  4053.0  975.0
1.0  4053.0  975.0
1.0  4053.0  975.0
1.0  4053.0  975.0
0.0     3.0  197.0
1.0  4053.0  975.0
1.0  4053.0  975.0
0.0     6.0  252.0
1.0  4053.0  975.0
1.0  4053.0  977.0
1.0  4053.0  975.0
1.0  4053.0  976.0
1.0  4053.0  975.0
1.0  4053.0  975.0
1.0  4053.0  975.0
1.0  4053.0  975.0
1.0  4053.0  975.0
1.0  4053.0  975.0
1.0  4053.0  975.0
1.0  4053.0  975.0
1.0  4053.0  975.0
1.0  4053.0  975.0
1.0  4053.0  975.0
1.0  4053.0  975.0
1.0  4053.0  975.0
1.0  4053.0  975.0
1.0  4053.0  975.0
1.0  4053.0  975.0
0.0     4.0  218.0
1.0  4053.0  975.0
1.0  4053.0  975.0
0.0     6.0  252.0
0.0     3.0  154.0
1.0  4053.0  975.0
1.0  4053.0  975.0
1.0  4053.0  975.0
1.0  4053.0  975.0
1.0  4053.0  975.0
1.0  4053.0  975.0
1.0  4053.0  975.0
1.0  4053.0  975.0
1.0  4053.0  975.0
1.0  4053.0  975.0
1.0  4053.0  975.0
1.0  4053.0  975.0
1.0  4053.0  975.0
1.0  4053.0  975.0
1.0  4053.0  975.0
0.0     3.0  255.0
1.0  4053.0  975.0
1.0  4053.0  975.0
0.0     2.0  266.0
1.0  4053.0  975.0
1.0  4053.0  975.0
1.0  4053.0  975.0
1.0  4053.0  975.0
1.0  4053.0  975.0
1.0  4053.0  975.0
1.0  4053.0  975.0
1.0  4053.0  975.0
1.0  4053.0  975.0
1.0  4053.0  975.0
1.0  4053.0  975.0
1.0  4053.0  975.0
1.0  4053.0  975.0
1.0  4053.0  976.0
1.0  4053.0  975.0
1.0  4053.0  975.0
1.0  4053.0  975.0
1.0  4053.0  975.0
1.0  4053.0  975.0
1.0  4053.0  975.0
1.0  4053.0  976.0
1.0  4053.0  975.0
1.0  4053.0  975.0
1.0  4053.0  975.0
1.0  4053.0  975.0
1.0  4053.0  975.0
1.0  4053.0  975.0
0.0     8.0  316.0
0.0     9.0  370.0
1.0  4053.0  975.0
1.0  4053.0  975.0
1.0  4053.0  975.0
1.0  4053.0  975.0
1.0  4053.0  975.0
1.0  4053.0  975.0
1.0  4053.0  975.0
1.0  4053.0  975.0
1.0  4053.0  975.0
1.0  4053.0  975.0
1.0  4053.0  975.0
1.0  4053.0  975.0
1.0  4053.0  975.0
1.0  4053.0  975.0
1.0  4053.0  975.0
1.0  4053.0  975.0
1.0  4053.0  975.0
1.0  4053.0  975.0
0.0    11.0  369.0
1.0  4053.0  975.0
1.0  4053.0  975.0
1.0  4053.0  975.0
1.0  4053.0  975.0
1.0  4053.0  975.0
0.0     5.0  310.0
1.0  4053.0  975.0
1.0  4053.0  975.0
1.0  4053.0  975.0
1.0  4053.0  975.0
1.0  4053.0  975.0
1.0  4053.0  975.0
1.0  4053.0  975.0
1.0  4053.0  975.0
1.0  4053.0  975.0
1.0  4053.0  975.0
1.0  4053.0  975.0
1.0  4053.0  975.0
1.0  4053.0  975.0
1.0  4053.0  975.0
1.0  4053.0  975.0
1.0  4053.0  975.0
1.0  4053.0  975.0
1.0  4053.0  975.0
1.0  4053.0  975.0
1.0  4053.0  975.0
1.0  4053.0  975.0
1.0  4053.0  975.0
1.0  4053.0  975.0
1.0  4053.0  975.0
1.0  4053.0  975.0
1.0  4053.0  975.0
1.0  4053.0  975.0
1.0  4053.0  975.0
1.0  4053.0  975.0
1.0  4053.0  975.0
1.0  4053.0  975.0
1.0  4053.0  975.0
1.0  4053.0  995.0
1.0  4053.0  975.0
1.0  4053.0  975.0
1.0  4053.0  975.0
1.0  4053.0  975.0
1.0  4053.0  980.0
1.0  4053.0  975.0
1.0  4053.0  975.0
1.0  4053.0  975.0
1.0  4053.0  975.0
1.0  4053.0  975.0
1.0  4053.0  975.0
1.0  4053.0  975.0
1.0  4053.0  975.0
1.0  4053.0  975.0
1.0  4053.0  975.0
1.0  4053.0  975.0
1.0  4053.0  975.0
1.0  4053.0  975.0
1.0  4053.0  975.0
0.0    11.0  375.0
1.0  4053.0  977.0
1.0  4053.0  975.0
0.0     4.0  255.0
1.0  4053.0  975.0
1.0  4053.0  975.0
1.0  4053.0  975.0
1.0  4053.0  975.0
1.0  4053.0  975.0
1.0  4053.0  975.0
1.0  4053.0  975.0
1.0  4053.0  975.0
1.0  4053.0  975.0
1.0  4053.0  975.0
1.0  4053.0  975.0
1.0  4053.0  975.0
1.0  4053.0  975.0
1.0  4053.0  975.0
1.0  4053.0  975.0
1.0  4053.0  975.0
1.0  4053.0  975.0
1.0  4053.0  975.0
1.0  4053.0  975.0
1.0  4053.0  975.0
1.0  4053.0  975.0
1.0  4053.0  975.0
1.0  4053.0  982.0
1.0  4053.0  975.0
1.0  4053.0  975.0
1.0  4053.0  975.0
1.0  4053.0  975.0
1.0  4053.0  975.0
1.0  4053.0  975.0
1.0  4053.0  975.0
1.0  4053.0  975.0
1.0  4053.0  975.0
1.0  4053.0  975.0
1.0  4053.0  975.0
1.0  4053.0  975.0
1.0  4053.0  975.0
1.0  4053.0  975.0
1.0  4053.0  975.0
1.0  4053.0  975.0
1.0  4053.0  975.0
1.0  4053.0  976.0
1.0  4053.0  975.0
0.0     7.0  316.0
1.0  4053.0  975.0
1.0  4053.0  975.0
1.0  4053.0  975.0
1.0  4053.0  975.0
1.0  4053.0  976.0
1.0  4053.0  975.0
1.0  4053.0  975.0
1.0  4053.0  975.0
1.0  4053.0  975.0
1.0  4053.0  975.0
1.0  4053.0  975.0
1.0  4053.0  975.0
1.0  4053.0  975.0
1.0  4053.0  975.0
1.0  4053.0  975.0
1.0  4053.0  975.0
0.0     5.0  246.0
1.0  4053.0  975.0
1.0  4053.0  975.0
1.0  4053.0  975.0
0.0     8.0  350.0
1.0  4053.0  975.0
1.0  4053.0  975.0
1.0  4053.0  975.0
1.0  4053.0  975.0
1.0  4053.0  975.0
1.0  4053.0  975.0
1.0  4053.0  975.0
1.0  4053.0  975.0
1.0  4053.0  975.0
1.0  4053.0  975.0
1.0  4053.0  975.0
1.0  4053.0  975.0
1.0  4053.0  975.0
1.0  4053.0  975.0
1.0  4053.0  975.0
1.0  4053.0  975.0
1.0  4053.0  975.0
1.0  4053.0  975.0
1.0  4053.0  975.0
0.0     2.0  172.0
1.0  4053.0  975.0
1.0  4053.0  975.0
1.0  4053.0  975.0
1.0  4053.0  975.0
1.0  4053.0  975.0
1.0  4053.0  975.0
1.0  4053.0  975.0
1.0  4053.0  975.0
1.0  4053.0  975.0
1.0  4053.0  975.0
1.0  4053.0  975.0
0.0     5.0  249.0
1.0  4053.0  975.0
1.0  4053.0  975.0
1.0  4053.0  975.0
1.0  4053.0  975.0
1.0  4053.0  975.0
1.0  4053.0  975.0
1.0  4053.0  975.0
1.0  4053.0  975.0
1.0  4053.0  975.0
1.0  4053.0  975.0
1.0  4053.0  975.0
0.0     4.0  255.0
1.0  4053.0  975.0
1.0  4053.0  975.0
1.0  4053.0  975.0
1.0  4053.0  975.0
1.0  4053.0  975.0
1.0  4053.0  975.0
1.0  4053.0  975.0
1.0  4053.0  975.0
1.0  4053.0  975.0
0.0  1024.0  584.0
1.0  4053.0  975.0
1.0  4053.0  975.0
0.0     4.0  258.0
1.0  4053.0  975.0
1.0  4053.0  975.0
1.0  4053.0  975.0
1.0  4053.0  975.0
1.0  4053.0  975.0
1.0  4053.0  975.0
1.0  4053.0  975.0
1.0  4053.0  975.0
1.0  4053.0  975.0
0.0     3.0  203.0
1.0  4053.0  975.0
1.0  4053.0  975.0
1.0  4053.0  975.0
1.0  4053.0  975.0
1.0  4053.0  975.0
1.0  4053.0  975.0
1.0  4053.0  975.0
1.0  4053.0  975.0
1.0  4053.0  975.0
1.0  4053.0  975.0
1.0  4053.0  975.0
1.0  4053.0  975.0
1.0  4053.0  975.0
1.0  4053.0  975.0
1.0  4053.0  975.0
1.0  4053.0  975.0
0.0     7.0  246.0
1.0  4053.0  975.0
1.0  4053.0  975.0
1.0  4053.0  975.0
1.0  4053.0  975.0
1.0  4053.0  975.0
1.0  4053.0  975.0
0.0     5.0  224.0
0.0     4.0  249.0
1.0  4053.0  975.0
1.0  4053.0  975.0
0.0     7.0  310.0
1.0  4053.0  975.0
1.0  4053.0  975.0
1.0  4053.0  975.0
1.0  4053.0  975.0
1.0  4053.0  975.0
1.0  4053.0  975.0
1.0  4053.0  975.0
1.0  4053.0  975.0
0.0     5.0  255.0
1.0  4053.0  975.0
1.0  4053.0  975.0
0.0    14.0  403.0
1.0  4053.0  975.0
1.0  4053.0  975.0
1.0  4053.0  975.0
1.0  4053.0  975.0
1.0  4053.0  975.0
1.0  4053.0  975.0
0.0     8.0  350.0
1.0  4053.0  975.0
1.0  4053.0  975.0
1.0  4053.0  975.0
1.0  4053.0  975.0
1.0  4053.0  975.0
1.0  4053.0  975.0
1.0  4053.0  975.0
1.0  4053.0  975.0
1.0  4053.0  975.0
1.0  4053.0  975.0
1.0  4053.0  975.0
0.0    10.0  369.0
1.0  4053.0  975.0
1.0  4053.0  975.0
1.0  4053.0  975.0
0.0     4.0  255.0
1.0  4053.0  975.0
1.0  4053.0  975.0
1.0  4053.0  975.0
1.0  4053.0  975.0
1.0  4053.0  975.0
1.0  4053.0  975.0
1.0  4053.0  975.0
1.0  4053.0  975.0
1.0  4053.0  975.0
1.0  4053.0  975.0
1.0  4053.0  975.0
1.0  4053.0  975.0
1.0  4053.0  975.0
1.0  4053.0  975.0
1.0  4053.0  975.0
1.0  4053.0  975.0
1.0  4053.0  975.0
1.0  4053.0  975.0
1.0  4053.0  975.0
1.0  4053.0  975.0
1.0  4053.0  975.0
1.0  4053.0  975.0
1.0  4053.0  975.0
1.0  4053.0  975.0
0.0     1.0  105.0
1.0  4053.0  975.0
0.0     8.0  356.0
1.0  4053.0  975.0
1.0  4053.0  975.0
1.0  4053.0  975.0
1.0  4053.0  975.0
1.0  4053.0  975.0
1.0  4053.0  975.0
1.0  4053.0  975.0
1.0  4053.0  975.0
1.0  4053.0  975.0
1.0  4053.0  975.0
1.0  4053.0  975.0
0.0     5.0  252.0
1.0  4053.0  975.0
0.0    10.0  370.0
1.0  4053.0  975.0
0.0     9.0  353.0
1.0  4053.0  975.0
1.0  4053.0  975.0
0.0    12.0  375.0
1.0  4053.0  975.0
1.0  4053.0  975.0
1.0  4053.0  975.0
1.0  4053.0  975.0
1.0  4053.0  975.0
1.0  4053.0  975.0
1.0  4053.0  975.0
1.0  4053.0  975.0
1.0  4053.0  975.0
1.0  4053.0  975.0
1.0  4053.0  975.0
0.0     4.0  203.0
0.0     4.0  252.0
0.0     4.0  258.0
1.0  4053.0  975.0
1.0  4053.0  975.0
1.0  4053.0  975.0
1.0  4053.0  975.0
1.0  4053.0  975.0
1.0  4053.0  975.0
1.0  4053.0  975.0
1.0  4053.0  975.0
1.0  4053.0  975.0
