1.0  4053.0  975.0
1.0  4053.0  975.0
0.0     3.0  194.0
1.0  4053.0  975.0
1.0  4053.0  975.0
1.0  4053.0  975.0
1.0  4053.0  975.0
1.0  4053.0  975.0
1.0  4053.0  975.0
1.0  4053.0  975.0
1.0  4053.0  975.0
1.0  4053.0  975.0
1.0  4053.0  975.0
1.0  4053.0  975.0
1.0  4053.0  975.0
1.0  4053.0  975.0
1.0  4053.0  975.0
1.0  4053.0  975.0
1.0  4053.0  975.0
1.0  4053.0  975.0
1.0  4053.0  975.0
1.0  4053.0  975.0
1.0  4053.0  975.0
1.0  4053.0  975.0
1.0  4053.0  975.0
1.0  4053.0  975.0
1.0  4053.0  975.0
1.0  4053.0  975.0
1.0  4053.0  975.0
1.0  4053.0  975.0
1.0  4053.0  975.0
1.0  4053.0  975.0
1.0  4053.0  975.0
1.0  4053.0  975.0
1.0  4053.0  975.0
1.0  4053.0  975.0
1.0  4053.0  975.0
1.0  4053.0  975.0
1.0  4053.0  975.0
1.0  4053.0  975.0
1.0  4053.0  975.0
0.0     7.0  274.0
1.0  4053.0  975.0
1.0  4053.0  975.0
1.0  4053.0  975.0
1.0  4053.0  975.0
0.0     5.0  246.0
1.0  4053.0  975.0
1.0  4053.0  975.0
1.0  4053.0  975.0
1.0  4053.0  975.0
1.0  4053.0  975.0
0.0     2.0  102.0
1.0  4053.0  975.0
1.0  4053.0  975.0
1.0  4053.0  975.0
1.0  4053.0  975.0
1.0  4053.0  975.0
1.0  4053.0  975.0
1.0  4053.0  975.0
1.0  4053.0  975.0
1.0  4053.0  975.0
1.0  4053.0  975.0
1.0  4053.0  975.0
1.0  4053.0  975.0
1.0  4053.0  975.0
1.0  4053.0  975.0
1.0  4053.0  975.0
1.0  4053.0  975.0
1.0  4053.0  975.0
1.0  4053.0  975.0
1.0  4053.0  975.0
1.0  4053.0  975.0
1.0  4053.0  975.0
1.0  4053.0  975.0
1.0  4053.0  975.0
1.0  4053.0  975.0
1.0  4053.0  975.0
1.0  4053.0  975.0
0.0     7.0  312.0
1.0  4053.0  975.0
1.0  4053.0  975.0
1.0  4053.0  975.0
1.0  4053.0  975.0
1.0  4053.0  975.0
1.0  4053.0  975.0
1.0  4053.0  975.0
1.0  4053.0  975.0
1.0  4053.0  975.0
1.0  4053.0  975.0
1.0  4053.0  975.0
1.0  4053.0  975.0
1.0  4053.0  975.0
1.0  4053.0  975.0
1.0  4053.0  975.0
0.0     3.0  218.0
1.0  4053.0  975.0
1.0  4053.0  975.0
1.0  4053.0  975.0
1.0  4053.0  975.0
1.0  4053.0  975.0
1.0  4053.0  975.0
1.0  4053.0  975.0
1.0  4053.0  975.0
1.0  4053.0  975.0
0.0    10.0  370.0
1.0  4053.0  975.0
1.0  4053.0  975.0
1.0  4053.0  975.0
0.0    10.0  420.0
1.0  4053.0  975.0
1.0  4053.0  975.0
1.0  4053.0  975.0
1.0  4053.0  975.0
1.0  4053.0  975.0
1.0  4053.0  975.0
0.0     9.0  362.0
1.0  4053.0  975.0
1.0  4053.0  975.0
1.0  4053.0  975.0
1.0  4053.0  975.0
1.0  4053.0  975.0
1.0  4053.0  975.0
1.0  4053.0  975.0
1.0  4053.0  975.0
1.0  4053.0  975.0
1.0  4053.0  975.0
1.0  4053.0  975.0
1.0  4053.0  975.0
1.0  4053.0  975.0
1.0  4053.0  975.0
1.0  4053.0  975.0
1.0  4053.0  975.0
1.0  4053.0  975.0
1.0  4053.0  975.0
1.0  4053.0  975.0
1.0  4053.0  975.0
1.0  4053.0  975.0
1.0  4053.0  975.0
1.0  4053.0  975.0
1.0  4053.0  975.0
0.0     4.0  249.0
1.0  4053.0  975.0
1.0  4053.0  975.0
1.0  4053.0  975.0
1.0  4053.0  975.0
1.0  4053.0  975.0
1.0  4053.0  975.0
1.0  4053.0  975.0
1.0  4053.0  975.0
1.0  4053.0  975.0
1.0  4053.0  975.0
1.0  4053.0  975.0
0.0     4.0  258.0
1.0  4053.0  975.0
1.0  4053.0  975.0
1.0  4053.0  975.0
0.0     2.0  148.0
1.0  4053.0  975.0
1.0  4053.0  975.0
1.0  4053.0  975.0
1.0  4053.0  975.0
1.0  4053.0  975.0
1.0  4053.0  975.0
1.0  4053.0  975.0
0.0     8.0  521.0
1.0  4053.0  975.0
1.0  4053.0  975.0
1.0  4053.0  975.0
1.0  4053.0  975.0
1.0  4053.0  975.0
1.0  4053.0  975.0
1.0  4053.0  975.0
1.0  4053.0  975.0
1.0  4053.0  975.0
1.0  4053.0  975.0
1.0  4053.0  975.0
1.0  4053.0  975.0
1.0  4053.0  975.0
1.0  4053.0  975.0
1.0  4053.0  975.0
1.0  4053.0  975.0
1.0  4053.0  975.0
1.0  4053.0  975.0
1.0  4053.0  975.0
1.0  4053.0  975.0
1.0  4053.0  975.0
1.0  4053.0  975.0
0.0    10.0  384.0
1.0  4053.0  975.0
0.0     3.0  151.0
1.0  4053.0  975.0
1.0  4053.0  975.0
1.0  4053.0  975.0
1.0  4053.0  975.0
1.0  4053.0  975.0
1.0  4053.0  975.0
1.0  4053.0  975.0
1.0  4053.0  975.0
1.0  4053.0  975.0
0.0     6.0  252.0
1.0  4053.0  975.0
1.0  4053.0  975.0
1.0  4053.0  975.0
1.0  4053.0  975.0
1.0  4053.0  975.0
1.0  4053.0  975.0
1.0  4053.0  975.0
1.0  4053.0  975.0
1.0  4053.0  975.0
1.0  4053.0  975.0
1.0  4053.0  975.0
1.0  4053.0  975.0
1.0  4053.0  975.0
1.0  4053.0  975.0
1.0  4053.0  975.0
1.0  4053.0  975.0
1.0  4053.0  976.0
1.0  4053.0  975.0
1.0  4053.0  975.0
1.0  4053.0  975.0
1.0  4053.0  975.0
1.0  4053.0  975.0
1.0  4053.0  975.0
0.0    11.0  415.0
1.0  4053.0  975.0
1.0  4053.0  975.0
1.0  4053.0  975.0
1.0  4053.0  975.0
1.0  4053.0  975.0
1.0  4053.0  975.0
1.0  4053.0  975.0
1.0  4053.0  975.0
1.0  4053.0  975.0
1.0  4053.0  975.0
1.0  4053.0  975.0
1.0  4053.0  975.0
1.0  4053.0  975.0
0.0     2.0  197.0
1.0  4053.0  975.0
1.0  4053.0  975.0
1.0  4053.0  975.0
0.0     1.0  114.0
1.0  4053.0  975.0
1.0  4053.0  975.0
1.0  4053.0  975.0
0.0     5.0  375.0
1.0  4053.0  975.0
1.0  4053.0  975.0
1.0  4053.0  975.0
1.0  4053.0  975.0
1.0  4053.0  975.0
1.0  4053.0  975.0
1.0  4053.0  975.0
1.0  4053.0  975.0
1.0  4053.0  975.0
1.0  4053.0  975.0
1.0  4053.0  975.0
1.0  4053.0  975.0
1.0  4053.0  975.0
1.0  4053.0  975.0
1.0  4053.0  975.0
1.0  4053.0  975.0
1.0  4053.0  975.0
1.0  4053.0  975.0
1.0  4053.0  975.0
0.0     8.0  351.0
1.0  4053.0  975.0
1.0  4053.0  975.0
1.0  4053.0  975.0
1.0  4053.0  975.0
1.0  4053.0  975.0
1.0  4053.0  975.0
1.0  4053.0  975.0
1.0  4053.0  975.0
1.0  4053.0  975.0
1.0  4053.0  975.0
1.0  4053.0  975.0
0.0     7.0  304.0
1.0  4053.0  975.0
1.0  4053.0  975.0
1.0  4053.0  975.0
1.0  4053.0  975.0
1.0  4053.0  975.0
1.0  4053.0  975.0
1.0  4053.0  975.0
1.0  4053.0  975.0
1.0  4053.0  975.0
1.0  4053.0  975.0
0.0     3.0  194.0
1.0  4053.0  975.0
1.0  4053.0  975.0
1.0  4053.0  975.0
1.0  4053.0  975.0
1.0  4053.0  975.0
1.0  4053.0  975.0
1.0  4053.0  975.0
1.0  4053.0  975.0
1.0  4053.0  975.0
1.0  4053.0  975.0
1.0  4053.0  975.0
1.0  4053.0  975.0
1.0  4053.0  975.0
0.0     4.0  255.0
1.0  4053.0  975.0
1.0  4053.0  975.0
1.0  4053.0  975.0
1.0  4053.0  975.0
1.0  4053.0  976.0
1.0  4053.0  975.0
1.0  4053.0  975.0
1.0  4053.0  975.0
1.0  4053.0  975.0
1.0  4053.0  975.0
1.0  4053.0  975.0
1.0  4053.0  975.0
1.0  4053.0  975.0
1.0  4053.0  975.0
1.0  4053.0  975.0
1.0  4053.0  975.0
1.0  4053.0  975.0
1.0  4053.0  975.0
1.0  4053.0  975.0
1.0  4053.0  975.0
0.0     8.0  403.0
1.0  4053.0  975.0
1.0  4053.0  975.0
1.0  4053.0  975.0
1.0  4053.0  975.0
1.0  4053.0  975.0
1.0  4053.0  975.0
1.0  4053.0  975.0
1.0  4053.0  975.0
1.0  4053.0  975.0
1.0  4053.0  975.0
0.0     9.0  381.0
1.0  4053.0  975.0
1.0  4053.0  975.0
1.0  4053.0  975.0
1.0  4053.0  975.0
1.0  4053.0  975.0
1.0  4053.0  975.0
1.0  4053.0  975.0
1.0  4053.0  975.0
1.0  4053.0  975.0
1.0  4053.0  975.0
1.0  4053.0  975.0
1.0  4053.0  975.0
1.0  4053.0  975.0
1.0  4053.0  975.0
1.0  4053.0  975.0
1.0  4053.0  975.0
1.0  4053.0  975.0
0.0     3.0  252.0
1.0  4053.0  975.0
1.0  4053.0  975.0
1.0  4053.0  975.0
1.0  4053.0  975.0
1.0  4053.0  975.0
1.0  4053.0  975.0
1.0  4053.0  975.0
1.0  4053.0  975.0
1.0  4053.0  975.0
1.0  4053.0  975.0
1.0  4053.0  975.0
1.0  4053.0  975.0
1.0  4053.0  975.0
0.0    11.0  579.0
1.0  4053.0  975.0
1.0  4053.0  975.0
0.0     6.0  310.0
1.0  4053.0  975.0
1.0  4053.0  975.0
1.0  4053.0  975.0
1.0  4053.0  975.0
1.0  4053.0  975.0
1.0  4053.0  975.0
1.0  4053.0  975.0
0.0     4.0  260.0
1.0  4053.0  975.0
1.0  4053.0  975.0
1.0  4053.0  975.0
1.0  4053.0  975.0
1.0  4053.0  975.0
1.0  4053.0  975.0
0.0     5.0  154.0
1.0  4053.0  975.0
1.0  4053.0  975.0
1.0  4053.0  975.0
1.0  4053.0  975.0
1.0  4053.0  975.0
1.0  4053.0  975.0
1.0  4053.0  975.0
1.0  4053.0  975.0
1.0  4053.0  975.0
1.0  4053.0  975.0
1.0  4053.0  975.0
1.0  4053.0  975.0
1.0  4053.0  975.0
1.0  4053.0  975.0
1.0  4053.0  975.0
1.0  4053.0  975.0
0.0     8.0  448.0
1.0  4053.0  975.0
1.0  4053.0  975.0
1.0  4053.0  975.0
1.0  4053.0  975.0
1.0  4053.0  975.0
1.0  4053.0  975.0
1.0  4053.0  975.0
1.0  4053.0  975.0
1.0  4053.0  975.0
1.0  4053.0  975.0
1.0  4053.0  975.0
1.0  4053.0  975.0
1.0  4053.0  975.0
1.0  4053.0  975.0
1.0  4053.0  975.0
1.0  4053.0  975.0
1.0  4053.0  975.0
1.0  4053.0  975.0
1.0  4053.0  975.0
1.0  4053.0  975.0
1.0  4053.0  975.0
1.0  4053.0  975.0
1.0  4053.0  975.0
0.0     8.0  310.0
1.0  4053.0  975.0
1.0  4053.0  975.0
1.0  4053.0  975.0
1.0  4053.0  975.0
1.0  4053.0  975.0
0.0     6.0  258.0
1.0  4053.0  975.0
1.0  4053.0  975.0
1.0  4053.0  975.0
1.0  4053.0  975.0
1.0  4053.0  975.0
1.0  4053.0  975.0
0.0     4.0  191.0
0.0     6.0  200.0
1.0  4053.0  975.0
1.0  4053.0  975.0
1.0  4053.0  975.0
1.0  4053.0  975.0
0.0     4.0  246.0
1.0  4053.0  975.0
1.0  4053.0  975.0
1.0  4053.0  976.0
1.0  4053.0  975.0
1.0  4053.0  975.0
1.0  4053.0  975.0
1.0  4053.0  975.0
1.0  4053.0  975.0
0.0     7.0  300.0
1.0  4053.0  975.0
1.0  4053.0  975.0
1.0  4053.0  975.0
1.0  4053.0  975.0
1.0  4053.0  975.0
1.0  4053.0  975.0
1.0  4053.0  975.0
1.0  4053.0  975.0
1.0  4053.0  975.0
1.0  4053.0  975.0
1.0  4053.0  975.0
1.0  4053.0  975.0
1.0  4053.0  975.0
1.0  4053.0  975.0
1.0  4053.0  975.0
1.0  4053.0  975.0
1.0  4053.0  975.0
1.0  4053.0  975.0
1.0  4053.0  975.0
1.0  4053.0  975.0
1.0  4053.0  975.0
1.0  4053.0  975.0
1.0  4053.0  975.0
1.0  4053.0  975.0
0.0    10.0  417.0
1.0  4053.0  975.0
0.0     9.0  367.0
1.0  4053.0  975.0
1.0  4053.0  975.0
0.0     7.0  390.0
1.0  4053.0  975.0
1.0  4053.0  975.0
1.0  4053.0  975.0
1.0  4053.0  975.0
1.0  4053.0  975.0
1.0  4053.0  975.0
1.0  4053.0  975.0
1.0  4053.0  975.0
1.0  4053.0  975.0
1.0  4053.0  975.0
1.0  4053.0  975.0
1.0  4053.0  975.0
0.0     7.0  298.0
1.0  4053.0  975.0
1.0  4053.0  975.0
1.0  4053.0  975.0
1.0  4053.0  975.0
1.0  4053.0  975.0
1.0  4053.0  975.0
1.0  4053.0  975.0
1.0  4053.0  975.0
1.0  4053.0  975.0
1.0  4053.0  975.0
1.0  4053.0  975.0
1.0  4053.0  975.0
1.0  4053.0  975.0
1.0  4053.0  975.0
1.0  4053.0  975.0
1.0  4053.0  975.0
1.0  4053.0  975.0
1.0  4053.0  975.0
1.0  4053.0  975.0
1.0  4053.0  975.0
1.0  4053.0  975.0
1.0  4053.0  975.0
1.0  4053.0  975.0
1.0  4053.0  975.0
1.0  4053.0  975.0
1.0  4053.0  975.0
1.0  4053.0  975.0
1.0  4053.0  975.0
1.0  4053.0  975.0
1.0  4053.0  975.0
1.0  4053.0  975.0
1.0  4053.0  975.0
1.0  4053.0  975.0
1.0  4053.0  975.0
1.0  4053.0  975.0
1.0  4053.0  975.0
1.0  4053.0  975.0
1.0  4053.0  975.0
1.0  4053.0  975.0
1.0  4053.0  975.0
1.0  4053.0  975.0
1.0  4053.0  975.0
1.0  4053.0  975.0
1.0  4053.0  975.0
1.0  4053.0  975.0
0.0     3.0  246.0
1.0  4053.0  975.0
1.0  4053.0  975.0
1.0  4053.0  975.0
1.0  4053.0  975.0
1.0  4053.0  975.0
1.0  4053.0  975.0
0.0     5.0  246.0
1.0  4053.0  975.0
0.0     2.0  197.0
1.0  4053.0  975.0
1.0  4053.0  975.0
1.0  4053.0  975.0
1.0  4053.0  975.0
1.0  4053.0  975.0
1.0  4053.0  975.0
1.0  4053.0  975.0
1.0  4053.0  975.0
0.0     7.0  362.0
1.0  4053.0  975.0
1.0  4053.0  975.0
1.0  4053.0  975.0
1.0  4053.0  975.0
1.0  4053.0  975.0
1.0  4053.0  975.0
1.0  4053.0  975.0
1.0  4053.0  975.0
1.0  4053.0  975.0
1.0  4053.0  975.0
1.0  4053.0  975.0
1.0  4053.0  975.0
1.0  4053.0  975.0
1.0  4053.0  975.0
1.0  4053.0  975.0
1.0  4053.0  975.0
1.0  4053.0  975.0
1.0  4053.0  975.0
1.0  4053.0  975.0
1.0  4053.0  975.0
1.0  4053.0  975.0
1.0  4053.0  975.0
1.0  4053.0  975.0
1.0  4053.0  975.0
1.0  4053.0  975.0
1.0  4053.0  975.0
1.0  4053.0  975.0
1.0  4053.0  975.0
1.0  4053.0  975.0
1.0  4053.0  975.0
1.0  4053.0  975.0
1.0  4053.0  975.0
1.0  4053.0  975.0
1.0  4053.0  975.0
1.0  4053.0  975.0
1.0  4053.0  975.0
1.0  4053.0  975.0
1.0  4053.0  975.0
0.0     5.0  258.0
1.0  4053.0  975.0
1.0  4053.0  975.0
1.0  4053.0  975.0
1.0  4053.0  975.0
1.0  4053.0  975.0
1.0  4053.0  975.0
1.0  4053.0  975.0
1.0  4053.0  975.0
1.0  4053.0  975.0
0.0     4.0  338.0
1.0  4053.0  975.0
1.0  4053.0  975.0
1.0  4053.0  975.0
0.0     4.0  252.0
1.0  4053.0  975.0
1.0  4053.0  975.0
1.0  4053.0  975.0
1.0  4053.0  975.0
1.0  4053.0  975.0
1.0  4053.0  975.0
1.0  4053.0  975.0
1.0  4053.0  975.0
1.0  4053.0  975.0
1.0  4053.0  975.0
1.0  4053.0  975.0
1.0  4053.0  975.0
1.0  4053.0  975.0
1.0  4053.0  975.0
1.0  4053.0  975.0
1.0  4053.0  975.0
1.0  4053.0  975.0
1.0  4053.0  975.0
1.0  4053.0  975.0
1.0  4053.0  975.0
1.0  4053.0  975.0
1.0  4053.0  975.0
1.0  4053.0  975.0
1.0  4053.0  975.0
1.0  4053.0  975.0
1.0  4053.0  975.0
1.0  4053.0  975.0
1.0  4053.0  975.0
1.0  4053.0  975.0
1.0  4053.0  975.0
1.0  4053.0  975.0
0.0     5.0  252.0
1.0  4053.0  975.0
1.0  4053.0  975.0
1.0  4053.0  975.0
1.0  4053.0  975.0
1.0  4053.0  975.0
1.0  4053.0  975.0
1.0  4053.0  975.0
1.0  4053.0  975.0
1.0  4053.0  975.0
1.0  4053.0  975.0
1.0  4053.0  975.0
1.0  4053.0  975.0
1.0  4053.0  975.0
1.0  4053.0  975.0
1.0  4053.0  975.0
1.0  4053.0  975.0
1.0  4053.0  975.0
1.0  4053.0  975.0
0.0     9.0  350.0
1.0  4053.0  975.0
1.0  4053.0  975.0
1.0  4053.0  975.0
1.0  4053.0  975.0
1.0  4053.0  975.0
1.0  4053.0  975.0
1.0  4053.0  975.0
1.0  4053.0  975.0
1.0  4053.0  975.0
1.0  4053.0  975.0
1.0  4053.0  975.0
1.0  4053.0  975.0
0.0     6.0  258.0
1.0  4053.0  975.0
1.0  4053.0  975.0
1.0  4053.0  975.0
1.0  4053.0  975.0
0.0     6.0  252.0
1.0  4053.0  975.0
1.0  4053.0  975.0
1.0  4053.0  975.0
1.0  4053.0  975.0
0.0     8.0  358.0
1.0  4053.0  975.0
1.0  4053.0  975.0
0.0     8.0  384.0
1.0  4053.0  975.0
1.0  4053.0  975.0
1.0  4053.0  975.0
1.0  4053.0  975.0
1.0  4053.0  975.0
1.0  4053.0  975.0
1.0  4053.0  975.0
1.0  4053.0  975.0
1.0  4053.0  975.0
1.0  4053.0  975.0
1.0  4053.0  975.0
1.0  4053.0  975.0
1.0  4053.0  975.0
1.0  4053.0  975.0
1.0  4053.0  975.0
1.0  4053.0  975.0
0.0     3.0  148.0
1.0  4053.0  975.0
0.0     7.0  372.0
1.0  4053.0  975.0
1.0  4053.0  975.0
1.0  4053.0  975.0
1.0  4053.0  975.0
1.0  4053.0  975.0
0.0     9.0  397.0
1.0  4053.0  975.0
1.0  4053.0  975.0
1.0  4053.0  975.0
1.0  4053.0  975.0
1.0  4053.0  975.0
1.0  4053.0  975.0
1.0  4053.0  975.0
1.0  4053.0  975.0
1.0  4053.0  975.0
1.0  4053.0  975.0
1.0  4053.0  975.0
1.0  4053.0  975.0
1.0  4053.0  975.0
1.0  4053.0  975.0
1.0  4053.0  975.0
1.0  4053.0  975.0
1.0  4053.0  975.0
1.0  4053.0  975.0
1.0  4053.0  975.0
1.0  4053.0  975.0
1.0  4053.0  975.0
1.0  4053.0  975.0
1.0  4053.0  975.0
1.0  4053.0  975.0
1.0  4053.0  975.0
1.0  4053.0  975.0
1.0  4053.0  975.0
1.0  4053.0  975.0
1.0  4053.0  975.0
1.0  4053.0  975.0
0.0     3.0  203.0
1.0  4053.0  975.0
1.0  4053.0  975.0
1.0  4053.0  975.0
1.0  4053.0  975.0
1.0  4053.0  975.0
1.0  4053.0  975.0
1.0  4053.0  975.0
0.0     8.0  344.0
1.0  4053.0  975.0
1.0  4053.0  975.0
1.0  4053.0  975.0
1.0  4053.0  975.0
1.0  4053.0  975.0
1.0  4053.0  975.0
1.0  4053.0  975.0
1.0  4053.0  975.0
1.0  4053.0  975.0
1.0  4053.0  975.0
1.0  4053.0  975.0
1.0  4053.0  975.0
1.0  4053.0  975.0
1.0  4053.0  975.0
1.0  4053.0  975.0
1.0  4053.0  975.0
1.0  4053.0  975.0
1.0  4053.0  975.0
1.0  4053.0  975.0
1.0  4053.0  975.0
1.0  4053.0  975.0
1.0  4053.0  975.0
1.0  4053.0  975.0
1.0  4053.0  975.0
1.0  4053.0  975.0
1.0  4053.0  975.0
1.0  4053.0  975.0
1.0  4053.0  975.0
1.0  4053.0  975.0
1.0  4053.0  975.0
1.0  4053.0  975.0
1.0  4053.0  975.0
0.0     6.0  351.0
1.0  4053.0  975.0
1.0  4053.0  975.0
1.0  4053.0  975.0
1.0  4053.0  975.0
1.0  4053.0  975.0
1.0  4053.0  975.0
1.0  4053.0  975.0
1.0  4053.0  975.0
0.0     5.0  255.0
0.0     8.0  298.0
1.0  4053.0  975.0
1.0  4053.0  975.0
1.0  4053.0  975.0
1.0  4053.0  975.0
1.0  4053.0  975.0
0.0     1.0  151.0
1.0  4053.0  975.0
1.0  4053.0  975.0
1.0  4053.0  975.0
1.0  4053.0  975.0
1.0  4053.0  975.0
1.0  4053.0  975.0
1.0  4053.0  975.0
1.0  4053.0  975.0
1.0  4053.0  975.0
0.0     9.0  390.0
1.0  4053.0  975.0
1.0  4053.0  975.0
1.0  4053.0  975.0
1.0  4053.0  975.0
1.0  4053.0  975.0
1.0  4053.0  975.0
1.0  4053.0  975.0
0.0     4.0  246.0
1.0  4053.0  975.0
1.0  4053.0  975.0
1.0  4053.0  975.0
1.0  4053.0  975.0
1.0  4053.0  975.0
0.0     2.0  212.0
1.0  4053.0  975.0
1.0  4053.0  975.0
1.0  4053.0  975.0
1.0  4053.0  975.0
1.0  4053.0  975.0
1.0  4053.0  975.0
1.0  4053.0  975.0
1.0  4053.0  975.0
1.0  4053.0  975.0
1.0  4053.0  975.0
1.0  4053.0  975.0
1.0  4053.0  975.0
1.0  4053.0  975.0
1.0  4053.0  975.0
1.0  4053.0  975.0
1.0  4053.0  975.0
1.0  4053.0  975.0
1.0  4053.0  975.0
1.0  4053.0  975.0
1.0  4053.0  975.0
1.0  4053.0  975.0
1.0  4053.0  975.0
1.0  4053.0  975.0
0.0     5.0  270.0
1.0  4053.0  975.0
1.0  4053.0  975.0
1.0  4053.0  975.0
0.0     3.0  248.0
1.0  4053.0  975.0
1.0  4053.0  975.0
1.0  4053.0  975.0
1.0  4053.0  975.0
1.0  4053.0  975.0
0.0     6.0  252.0
1.0  4053.0  975.0
1.0  4053.0  975.0
1.0  4053.0  975.0
1.0  4053.0  975.0
1.0  4053.0  975.0
1.0  4053.0  975.0
1.0  4053.0  975.0
1.0  4053.0  975.0
1.0  4053.0  975.0
1.0  4053.0  975.0
1.0  4053.0  975.0
1.0  4053.0  975.0
0.0     9.0  352.0
1.0  4053.0  975.0
1.0  4053.0  975.0
1.0  4053.0  975.0
1.0  4053.0  975.0
1.0  4053.0  975.0
1.0  4053.0  975.0
1.0  4053.0  975.0
1.0  4053.0  975.0
1.0  4053.0  975.0
1.0  4053.0  975.0
1.0  4053.0  975.0
0.0     6.0  246.0
1.0  4053.0  975.0
0.0     5.0  292.0
1.0  4053.0  975.0
1.0  4053.0  975.0
1.0  4053.0  975.0
1.0  4053.0  975.0
1.0  4053.0  975.0
1.0  4053.0  975.0
1.0  4053.0  975.0
1.0  4053.0  975.0
1.0  4053.0  975.0
1.0  4053.0  975.0
1.0  4053.0  975.0
1.0  4053.0  975.0
1.0  4053.0  975.0
1.0  4053.0  975.0
1.0  4053.0  975.0
1.0  4053.0  975.0
1.0  4053.0  975.0
1.0  4053.0  975.0
1.0  4053.0  975.0
1.0  4053.0  975.0
1.0  4053.0  975.0
1.0  4053.0  975.0
1.0  4053.0  975.0
1.0  4053.0  975.0
1.0  4053.0  975.0
1.0  4053.0  975.0
1.0  4053.0  975.0
1.0  4053.0  975.0
1.0  4053.0  975.0
1.0  4053.0  975.0
1.0  4053.0  975.0
1.0  4053.0  975.0
1.0  4053.0  975.0
1.0  4053.0  975.0
1.0  4053.0  975.0
1.0  4053.0  975.0
1.0  4053.0  975.0
1.0  4053.0  975.0
1.0  4053.0  975.0
1.0  4053.0  975.0
1.0  4053.0  975.0
1.0  4053.0  975.0
1.0  4053.0  975.0
1.0  4053.0  975.0
1.0  4053.0  975.0
1.0  4053.0  975.0
1.0  4053.0  975.0
1.0  4053.0  975.0
1.0  4053.0  975.0
1.0  4053.0  975.0
1.0  4053.0  975.0
1.0  4053.0  975.0
1.0  4053.0  975.0
1.0  4053.0  975.0
0.0     6.0  260.0
1.0  4053.0  975.0
1.0  4053.0  975.0
1.0  4053.0  975.0
1.0  4053.0  975.0
1.0  4053.0  975.0
1.0  4053.0  975.0
0.0     3.0  197.0
1.0  4053.0  975.0
1.0  4053.0  975.0
1.0  4053.0  975.0
1.0  4053.0  975.0
1.0  4053.0  975.0
1.0  4053.0  975.0
1.0  4053.0  975.0
1.0  4053.0  975.0
0.0     5.0  252.0
1.0  4053.0  975.0
0.0     8.0  345.0
1.0  4053.0  975.0
1.0  4053.0  975.0
1.0  4053.0  975.0
1.0  4053.0  975.0
1.0  4053.0  975.0
1.0  4053.0  975.0
1.0  4053.0  975.0
1.0  4053.0  975.0
1.0  4053.0  975.0
1.0  4053.0  975.0
1.0  4053.0  975.0
1.0  4053.0  975.0
1.0  4053.0  975.0
1.0  4053.0  975.0
1.0  4053.0  975.0
0.0     6.0  350.0
1.0  4053.0  975.0
1.0  4053.0  975.0
0.0     9.0  375.0
1.0  4053.0  975.0
1.0  4053.0  975.0
1.0  4053.0  975.0
1.0  4053.0  975.0
1.0  4053.0  975.0
1.0  4053.0  975.0
1.0  4053.0  975.0
1.0  4053.0  975.0
1.0  4053.0  975.0
1.0  4053.0  975.0
1.0  4053.0  975.0
1.0  4053.0  976.0
1.0  4053.0  975.0
1.0  4053.0  975.0
1.0  4053.0  975.0
1.0  4053.0  975.0
1.0  4053.0  975.0
1.0  4053.0  975.0
